l,T,S,
0.1, 0.1,0.120168, 
0.1, 0.2,0.136895, 
0.1, 0.3,0.110821, 
0.1, 0.4,0.147026, 
0.1, 0.5,0.140855, 
0.1, 0.6,0.0993039, 
0.1, 0.7,0.163758, 
0.1, 0.8,0.0991027, 
0.1, 0.9,0.176359, 
0.1, 1,0.0988725, 
0.1, 1.1,0.129379, 
0.1, 1.2,0.082453, 
0.1, 1.3,0.091964, 
0.1, 1.4,0.114568, 
0.1, 1.5,0.155217, 
0.1, 1.6,0.117506, 
0.1, 1.7,0.0764439, 
0.1, 1.8,0.132372, 
0.1, 1.9,0.0781812, 
0.1, 2,0.123545, 
0.1, 2.1,0.102005, 
0.1, 2.2,0.117321, 
0.1, 2.3,0.0903266, 
0.1, 2.4,0.0681067, 
0.1, 2.5,0.149123, 
0.1, 2.6,0.0807758, 
0.1, 2.7,0.161127, 
0.1, 2.8,0.112613, 
0.1, 2.9,0.102228, 
0.1, 3,0.0850584, 
0.1, 3.1,0.0952933, 
0.1, 3.2,0.131534, 
0.1, 3.3,0.124851, 
0.1, 3.4,0.0939258, 
0.1, 3.5,0.106228, 
0.1, 3.6,0.0885486, 
0.1, 3.7,0.071427, 
0.1, 3.8,0.15536, 
0.1, 3.9,0.0828224, 
0.1, 4,0.0916509, 
0.1, 4.1,0.0983763, 
0.1, 4.2,0.0966449, 
0.1, 4.3,0.0420029, 
0.1, 4.4,0.0954401, 
0.1, 4.5,0.0953996, 
0.1, 4.6,0.129529, 
0.1, 4.7,0.0814468, 
0.1, 4.8,0.0454594, 
0.1, 4.9,0.0568135, 
0.1, 5,0.046772, 
0.2, 0.1,0.138891, 
0.2, 0.2,0.0875181, 
0.2, 0.3,0.12372, 
0.2, 0.4,0.113834, 
0.2, 0.5,0.154679, 
0.2, 0.6,0.129866, 
0.2, 0.7,0.100125, 
0.2, 0.8,0.125176, 
0.2, 0.9,0.103404, 
0.2, 1,0.100348, 
0.2, 1.1,0.118466, 
0.2, 1.2,0.123985, 
0.2, 1.3,0.0968624, 
0.2, 1.4,0.0957079, 
0.2, 1.5,0.0877194, 
0.2, 1.6,0.0680052, 
0.2, 1.7,0.137124, 
0.2, 1.8,0.0922762, 
0.2, 1.9,0.183318, 
0.2, 2,0.114709, 
0.2, 2.1,0.121568, 
0.2, 2.2,0.0874266, 
0.2, 2.3,0.1297, 
0.2, 2.4,0.13286, 
0.2, 2.5,0.0880721, 
0.2, 2.6,0.0590171, 
0.2, 2.7,0.0538521, 
0.2, 2.8,0.0571816, 
0.2, 2.9,0.149748, 
0.2, 3,0.10762, 
0.2, 3.1,0.0535559, 
0.2, 3.2,0.0558738, 
0.2, 3.3,0.0629587, 
0.2, 3.4,0.0624868, 
0.2, 3.5,0.0678019, 
0.2, 3.6,0.0585156, 
0.2, 3.7,0.135897, 
0.2, 3.8,0.133922, 
0.2, 3.9,0, 
0.2, 4,0.178024, 
0.2, 4.1,0, 
0.2, 4.2,0.0743513, 
0.2, 4.3,0.11756, 
0.2, 4.4,0.0752855, 
0.2, 4.5,0.0787811, 
0.2, 4.6,0.14793, 
0.2, 4.7,0.0791746, 
0.2, 4.8,0.0672318, 
0.2, 4.9,0.0792204, 
0.2, 5,0.0801833, 
0.3, 0.1,0.158951, 
0.3, 0.2,0.172409, 
0.3, 0.3,0.156033, 
0.3, 0.4,0.111927, 
0.3, 0.5,0.102627, 
0.3, 0.6,0.0748887, 
0.3, 0.7,0.131262, 
0.3, 0.8,0.116529, 
0.3, 0.9,0.0803415, 
0.3, 1,0.0825596, 
0.3, 1.1,0.138416, 
0.3, 1.2,0.0915305, 
0.3, 1.3,0.177566, 
0.3, 1.4,0.0877631, 
0.3, 1.5,0.131662, 
0.3, 1.6,0.087603, 
0.3, 1.7,0.175215, 
0.3, 1.8,0.11356, 
0.3, 1.9,0.0938649, 
0.3, 2,0.0470659, 
0.3, 2.1,0.112867, 
0.3, 2.2,0.0495369, 
0.3, 2.3,0.0591999, 
0.3, 2.4,0.0694246, 
0.3, 2.5,0.0579815, 
0.3, 2.6,0, 
0.3, 2.7,0.128141, 
0.3, 2.8,0, 
0.3, 2.9,0.0710343, 
0.3, 3,0, 
0.3, 3.1,0.0659849, 
0.3, 3.2,0, 
0.3, 3.3,0.0791381, 
0.3, 3.4,0.134668, 
0.3, 3.5,0, 
0.3, 3.6,0, 
0.3, 3.7,0, 
0.3, 3.8,0.13578, 
0.3, 3.9,0.0755555, 
0.3, 4,0.0844697, 
0.3, 4.1,0.0891229, 
0.3, 4.2,0.091056, 
0.3, 4.3,0, 
0.3, 4.4,0.0937721, 
0.3, 4.5,0.0831867, 
0.3, 4.6,0, 
0.3, 4.7,0.09265, 
0.3, 4.8,0.106306, 
0.3, 4.9,0, 
0.3, 5,0.0946373, 
0.4, 0.1,0.185115, 
0.4, 0.2,0.121826, 
0.4, 0.3,0.132067, 
0.4, 0.4,0.0720356, 
0.4, 0.5,0.093301, 
0.4, 0.6,0.0917157, 
0.4, 0.7,0.137438, 
0.4, 0.8,0.115809, 
0.4, 0.9,0.0817292, 
0.4, 1,0.110009, 
0.4, 1.1,0.120921, 
0.4, 1.2,0.0490028, 
0.4, 1.3,0.0863392, 
0.4, 1.4,0.147753, 
0.4, 1.5,0.103445, 
0.4, 1.6,0, 
0.4, 1.7,0, 
0.4, 1.8,0.0677432, 
0.4, 1.9,0.0710351, 
0.4, 2,0.075211, 
0.4, 2.1,0.0703936, 
0.4, 2.2,0.0741998, 
0.4, 2.3,0.0806319, 
0.4, 2.4,0, 
0.4, 2.5,0.0823471, 
0.4, 2.6,0.0832922, 
0.4, 2.7,0.167879, 
0.4, 2.8,0.0869647, 
0.4, 2.9,0.0907168, 
0.4, 3,0.091029, 
0.4, 3.1,0, 
0.4, 3.2,0.0888585, 
0.4, 3.3,0, 
0.4, 3.4,0.0846502, 
0.4, 3.5,0.0971996, 
0.4, 3.6,0.105088, 
0.4, 3.7,0, 
0.4, 3.8,0, 
0.4, 3.9,0, 
0.4, 4,0, 
0.4, 4.1,0, 
0.4, 4.2,0, 
0.4, 4.3,0.0916876, 
0.4, 4.4,0.0986644, 
0.4, 4.5,0, 
0.4, 4.6,0, 
0.4, 4.7,0.207165, 
0.4, 4.8,0, 
0.4, 4.9,0, 
0.4, 5,0, 
0.5, 0.1,0.127231, 
0.5, 0.2,0.135906, 
0.5, 0.3,0.182741, 
0.5, 0.4,0.073252, 
0.5, 0.5,0.118551, 
0.5, 0.6,0.0678646, 
0.5, 0.7,0.10864, 
0.5, 0.8,0.101826, 
0.5, 0.9,0.048522, 
0.5, 1,0, 
0.5, 1.1,0.058275, 
0.5, 1.2,0.0565075, 
0.5, 1.3,0.0529027, 
0.5, 1.4,0.0552856, 
0.5, 1.5,0.080449, 
0.5, 1.6,0, 
0.5, 1.7,0.119266, 
0.5, 1.8,0.0847549, 
0.5, 1.9,0, 
0.5, 2,0.0783066, 
0.5, 2.1,0.0838486, 
0.5, 2.2,0, 
0.5, 2.3,0, 
0.5, 2.4,0.0869742, 
0.5, 2.5,0.102587, 
0.5, 2.6,0, 
0.5, 2.7,0.0799724, 
0.5, 2.8,0, 
0.5, 2.9,0.0834175, 
0.5, 3,0, 
0.5, 3.1,0, 
0.5, 3.2,0, 
0.5, 3.3,0, 
0.5, 3.4,0.115187, 
0.5, 3.5,0.0978188, 
0.5, 3.6,0, 
0.5, 3.7,0, 
0.5, 3.8,0.111738, 
0.5, 3.9,0, 
0.5, 4,0, 
0.5, 4.1,0, 
0.5, 4.2,0, 
0.5, 4.3,0, 
0.5, 4.4,0, 
0.5, 4.5,0, 
0.5, 4.6,0, 
0.5, 4.7,0, 
0.5, 4.8,0, 
0.5, 4.9,0, 
0.5, 5,0.120231, 
0.6, 0.1,0.160192, 
0.6, 0.2,0.0997752, 
0.6, 0.3,0.131135, 
0.6, 0.4,0.124199, 
0.6, 0.5,0.116506, 
0.6, 0.6,0.148898, 
0.6, 0.7,0.0994793, 
0.6, 0.8,0.045225, 
0.6, 0.9,0, 
0.6, 1,0.0953896, 
0.6, 1.1,0.118519, 
0.6, 1.2,0, 
0.6, 1.3,0.128266, 
0.6, 1.4,0.0612393, 
0.6, 1.5,0, 
0.6, 1.6,0.118039, 
0.6, 1.7,0, 
0.6, 1.8,0, 
0.6, 1.9,0.0801718, 
0.6, 2,0.0863023, 
0.6, 2.1,0.0888475, 
0.6, 2.2,0, 
0.6, 2.3,0, 
0.6, 2.4,0, 
0.6, 2.5,0, 
0.6, 2.6,0, 
0.6, 2.7,0, 
0.6, 2.8,0, 
0.6, 2.9,0.105309, 
0.6, 3,0, 
0.6, 3.1,0, 
0.6, 3.2,0, 
0.6, 3.3,0, 
0.6, 3.4,0, 
0.6, 3.5,0, 
0.6, 3.6,0, 
0.6, 3.7,0, 
0.6, 3.8,0, 
0.6, 3.9,0, 
0.6, 4,0, 
0.6, 4.1,0, 
0.6, 4.2,0, 
0.6, 4.3,0, 
0.6, 4.4,0, 
0.6, 4.5,0, 
0.6, 4.6,0, 
0.6, 4.7,0, 
0.6, 4.8,0, 
0.6, 4.9,0, 
0.6, 5,0, 
0.7, 0.1,0.155529, 
0.7, 0.2,0.114419, 
0.7, 0.3,0.0695018, 
0.7, 0.4,0.135349, 
0.7, 0.5,0.103584, 
0.7, 0.6,0.144552, 
0.7, 0.7,0.150109, 
0.7, 0.8,0.0467531, 
0.7, 0.9,0.170203, 
0.7, 1,0.0507338, 
0.7, 1.1,0.0649407, 
0.7, 1.2,0.15121, 
0.7, 1.3,0.0749281, 
0.7, 1.4,0.0691198, 
0.7, 1.5,0, 
0.7, 1.6,0.0815206, 
0.7, 1.7,0.187817, 
0.7, 1.8,0.191053, 
0.7, 1.9,0, 
0.7, 2,0.0988565, 
0.7, 2.1,0.0795347, 
0.7, 2.2,0, 
0.7, 2.3,0, 
0.7, 2.4,0, 
0.7, 2.5,0.114553, 
0.7, 2.6,0, 
0.7, 2.7,0, 
0.7, 2.8,0, 
0.7, 2.9,0.119604, 
0.7, 3,0, 
0.7, 3.1,0.116187, 
0.7, 3.2,0.108584, 
0.7, 3.3,0, 
0.7, 3.4,0, 
0.7, 3.5,0, 
0.7, 3.6,0, 
0.7, 3.7,0, 
0.7, 3.8,0, 
0.7, 3.9,0, 
0.7, 4,0, 
0.7, 4.1,0.153047, 
0.7, 4.2,0, 
0.7, 4.3,0, 
0.7, 4.4,0, 
0.7, 4.5,0, 
0.7, 4.6,0, 
0.7, 4.7,0, 
0.7, 4.8,0, 
0.7, 4.9,0, 
0.7, 5,0, 
0.8, 0.1,0.109737, 
0.8, 0.2,0.127444, 
0.8, 0.3,0.123057, 
0.8, 0.4,0.0571606, 
0.8, 0.5,0.072116, 
0.8, 0.6,0.104571, 
0.8, 0.7,0.0598621, 
0.8, 0.8,0.122007, 
0.8, 0.9,0.119059, 
0.8, 1,0.0710392, 
0.8, 1.1,0.0784008, 
0.8, 1.2,0.0779245, 
0.8, 1.3,0, 
0.8, 1.4,0.0907031, 
0.8, 1.5,0.0785303, 
0.8, 1.6,0.0984077, 
0.8, 1.7,0.0821751, 
0.8, 1.8,0, 
0.8, 1.9,0, 
0.8, 2,0.0981757, 
0.8, 2.1,0, 
0.8, 2.2,0.108611, 
0.8, 2.3,0, 
0.8, 2.4,0, 
0.8, 2.5,0.103805, 
0.8, 2.6,0, 
0.8, 2.7,0, 
0.8, 2.8,0, 
0.8, 2.9,0, 
0.8, 3,0.134162, 
0.8, 3.1,0, 
0.8, 3.2,0, 
0.8, 3.3,0, 
0.8, 3.4,0.139673, 
0.8, 3.5,0, 
0.8, 3.6,0, 
0.8, 3.7,0, 
0.8, 3.8,0, 
0.8, 3.9,0, 
0.8, 4,0, 
0.8, 4.1,0, 
0.8, 4.2,0, 
0.8, 4.3,0, 
0.8, 4.4,0, 
0.8, 4.5,0, 
0.8, 4.6,0, 
0.8, 4.7,0, 
0.8, 4.8,0, 
0.8, 4.9,0, 
0.8, 5,0, 
0.9, 0.1,0.127173, 
0.9, 0.2,0.120601, 
0.9, 0.3,0.0584751, 
0.9, 0.4,0.156919, 
0.9, 0.5,0, 
0.9, 0.6,0.14237, 
0.9, 0.7,0.0702235, 
0.9, 0.8,0.0741681, 
0.9, 0.9,0.124654, 
0.9, 1,0, 
0.9, 1.1,0, 
0.9, 1.2,0.0724967, 
0.9, 1.3,0.0900531, 
0.9, 1.4,0, 
0.9, 1.5,0.087156, 
0.9, 1.6,0.0926867, 
0.9, 1.7,0, 
0.9, 1.8,0, 
0.9, 1.9,0, 
0.9, 2,0.115395, 
0.9, 2.1,0, 
0.9, 2.2,0.120316, 
0.9, 2.3,0, 
0.9, 2.4,0, 
0.9, 2.5,0, 
0.9, 2.6,0, 
0.9, 2.7,0, 
0.9, 2.8,0, 
0.9, 2.9,0.122075, 
0.9, 3,0, 
0.9, 3.1,0, 
0.9, 3.2,0, 
0.9, 3.3,0, 
0.9, 3.4,0, 
0.9, 3.5,0, 
0.9, 3.6,0, 
0.9, 3.7,0, 
0.9, 3.8,0, 
0.9, 3.9,0, 
0.9, 4,0, 
0.9, 4.1,0, 
0.9, 4.2,0, 
0.9, 4.3,0, 
0.9, 4.4,0, 
0.9, 4.5,0, 
0.9, 4.6,0, 
0.9, 4.7,0, 
0.9, 4.8,0, 
0.9, 4.9,0, 
0.9, 5,0, 
1, 0.1,0.104204, 
1, 0.2,0.156468, 
1, 0.3,0.110616, 
1, 0.4,0.0896913, 
1, 0.5,0.0970582, 
1, 0.6,0.0619837, 
1, 0.7,0.0724126, 
1, 0.8,0.141922, 
1, 0.9,0, 
1, 1,0.0782457, 
1, 1.1,0, 
1, 1.2,0, 
1, 1.3,0, 
1, 1.4,0, 
1, 1.5,0, 
1, 1.6,0.10342, 
1, 1.7,0.10774, 
1, 1.8,0, 
1, 1.9,0, 
1, 2,0, 
1, 2.1,0, 
1, 2.2,0, 
1, 2.3,0, 
1, 2.4,0.116461, 
1, 2.5,0.111589, 
1, 2.6,0.142642, 
1, 2.7,0, 
1, 2.8,0, 
1, 2.9,0, 
1, 3,0, 
1, 3.1,0.154248, 
1, 3.2,0, 
1, 3.3,0, 
1, 3.4,0, 
1, 3.5,0, 
1, 3.6,0, 
1, 3.7,0, 
1, 3.8,0, 
1, 3.9,0, 
1, 4,0, 
1, 4.1,0, 
1, 4.2,0, 
1, 4.3,0, 
1, 4.4,0, 
1, 4.5,0, 
1, 4.6,0, 
1, 4.7,0, 
1, 4.8,0, 
1, 4.9,0, 
1, 5,0, 
1.1, 0.1,0.0822079, 
1.1, 0.2,0.109027, 
1.1, 0.3,0.033241, 
1.1, 0.4,0.162877, 
1.1, 0.5,0.124679, 
1.1, 0.6,0.0551038, 
1.1, 0.7,0, 
1.1, 0.8,0.0751027, 
1.1, 0.9,0, 
1.1, 1,0.0770008, 
1.1, 1.1,0, 
1.1, 1.2,0.103941, 
1.1, 1.3,0.0771309, 
1.1, 1.4,0, 
1.1, 1.5,0, 
1.1, 1.6,0, 
1.1, 1.7,0, 
1.1, 1.8,0, 
1.1, 1.9,0.107248, 
1.1, 2,0.122646, 
1.1, 2.1,0, 
1.1, 2.2,0, 
1.1, 2.3,0, 
1.1, 2.4,0, 
1.1, 2.5,0, 
1.1, 2.6,0, 
1.1, 2.7,0, 
1.1, 2.8,0, 
1.1, 2.9,0, 
1.1, 3,0, 
1.1, 3.1,0, 
1.1, 3.2,0, 
1.1, 3.3,0, 
1.1, 3.4,0, 
1.1, 3.5,0, 
1.1, 3.6,0, 
1.1, 3.7,0, 
1.1, 3.8,0, 
1.1, 3.9,0, 
1.1, 4,0, 
1.1, 4.1,0, 
1.1, 4.2,0, 
1.1, 4.3,0, 
1.1, 4.4,0, 
1.1, 4.5,0, 
1.1, 4.6,0, 
1.1, 4.7,0, 
1.1, 4.8,0, 
1.1, 4.9,0, 
1.1, 5,0, 
1.2, 0.1,0.114978, 
1.2, 0.2,0.156921, 
1.2, 0.3,0.112669, 
1.2, 0.4,0.106722, 
1.2, 0.5,0.111092, 
1.2, 0.6,0.0585217, 
1.2, 0.7,0, 
1.2, 0.8,0.0573064, 
1.2, 0.9,0, 
1.2, 1,0.0955004, 
1.2, 1.1,0.0728605, 
1.2, 1.2,0.0880634, 
1.2, 1.3,0.09382, 
1.2, 1.4,0.0949499, 
1.2, 1.5,0, 
1.2, 1.6,0, 
1.2, 1.7,0, 
1.2, 1.8,0.098276, 
1.2, 1.9,0, 
1.2, 2,0, 
1.2, 2.1,0, 
1.2, 2.2,0, 
1.2, 2.3,0, 
1.2, 2.4,0, 
1.2, 2.5,0, 
1.2, 2.6,0, 
1.2, 2.7,0, 
1.2, 2.8,0.160014, 
1.2, 2.9,0, 
1.2, 3,0, 
1.2, 3.1,0, 
1.2, 3.2,0, 
1.2, 3.3,0, 
1.2, 3.4,0, 
1.2, 3.5,0, 
1.2, 3.6,0, 
1.2, 3.7,0, 
1.2, 3.8,0, 
1.2, 3.9,0, 
1.2, 4,0, 
1.2, 4.1,0, 
1.2, 4.2,0, 
1.2, 4.3,0, 
1.2, 4.4,0, 
1.2, 4.5,0, 
1.2, 4.6,0, 
1.2, 4.7,0, 
1.2, 4.8,0, 
1.2, 4.9,0, 
1.2, 5,0, 
1.3, 0.1,0.084135, 
1.3, 0.2,0.120174, 
1.3, 0.3,0.0931676, 
1.3, 0.4,0.0575055, 
1.3, 0.5,0.266413, 
1.3, 0.6,0.0740402, 
1.3, 0.7,0.135318, 
1.3, 0.8,0, 
1.3, 0.9,0, 
1.3, 1,0.0895961, 
1.3, 1.1,0, 
1.3, 1.2,0.103241, 
1.3, 1.3,0.111516, 
1.3, 1.4,0.113775, 
1.3, 1.5,0, 
1.3, 1.6,0, 
1.3, 1.7,0, 
1.3, 1.8,0, 
1.3, 1.9,0, 
1.3, 2,0, 
1.3, 2.1,0, 
1.3, 2.2,0, 
1.3, 2.3,0, 
1.3, 2.4,0, 
1.3, 2.5,0, 
1.3, 2.6,0, 
1.3, 2.7,0, 
1.3, 2.8,0, 
1.3, 2.9,0, 
1.3, 3,0, 
1.3, 3.1,0, 
1.3, 3.2,0, 
1.3, 3.3,0, 
1.3, 3.4,0, 
1.3, 3.5,0, 
1.3, 3.6,0, 
1.3, 3.7,0, 
1.3, 3.8,0, 
1.3, 3.9,0, 
1.3, 4,0, 
1.3, 4.1,0, 
1.3, 4.2,0, 
1.3, 4.3,0, 
1.3, 4.4,0, 
1.3, 4.5,0, 
1.3, 4.6,0, 
1.3, 4.7,0, 
1.3, 4.8,0, 
1.3, 4.9,0, 
1.3, 5,0, 
1.4, 0.1,0.190776, 
1.4, 0.2,0.076981, 
1.4, 0.3,0.0939975, 
1.4, 0.4,0.0970686, 
1.4, 0.5,0.0565601, 
1.4, 0.6,0, 
1.4, 0.7,0, 
1.4, 0.8,0.0971909, 
1.4, 0.9,0.166521, 
1.4, 1,0, 
1.4, 1.1,0, 
1.4, 1.2,0, 
1.4, 1.3,0, 
1.4, 1.4,0.119208, 
1.4, 1.5,0.127229, 
1.4, 1.6,0, 
1.4, 1.7,0, 
1.4, 1.8,0, 
1.4, 1.9,0, 
1.4, 2,0, 
1.4, 2.1,0, 
1.4, 2.2,0, 
1.4, 2.3,0.144864, 
1.4, 2.4,0, 
1.4, 2.5,0, 
1.4, 2.6,0, 
1.4, 2.7,0, 
1.4, 2.8,0, 
1.4, 2.9,0, 
1.4, 3,0, 
1.4, 3.1,0, 
1.4, 3.2,0, 
1.4, 3.3,0, 
1.4, 3.4,0, 
1.4, 3.5,0, 
1.4, 3.6,0, 
1.4, 3.7,0, 
1.4, 3.8,0, 
1.4, 3.9,0, 
1.4, 4,0, 
1.4, 4.1,0, 
1.4, 4.2,0, 
1.4, 4.3,0, 
1.4, 4.4,0, 
1.4, 4.5,0, 
1.4, 4.6,0, 
1.4, 4.7,0, 
1.4, 4.8,0, 
1.4, 4.9,0, 
1.4, 5,0, 
1.5, 0.1,0.126263, 
1.5, 0.2,0.116235, 
1.5, 0.3,0.132241, 
1.5, 0.4,0.0531754, 
1.5, 0.5,0.0638893, 
1.5, 0.6,0.0663316, 
1.5, 0.7,0.0670045, 
1.5, 0.8,0, 
1.5, 0.9,0, 
1.5, 1,0, 
1.5, 1.1,0.102811, 
1.5, 1.2,0.200313, 
1.5, 1.3,0, 
1.5, 1.4,0, 
1.5, 1.5,0, 
1.5, 1.6,0, 
1.5, 1.7,0, 
1.5, 1.8,0, 
1.5, 1.9,0, 
1.5, 2,0, 
1.5, 2.1,0, 
1.5, 2.2,0, 
1.5, 2.3,0, 
1.5, 2.4,0, 
1.5, 2.5,0, 
1.5, 2.6,0.148586, 
1.5, 2.7,0, 
1.5, 2.8,0, 
1.5, 2.9,0, 
1.5, 3,0, 
1.5, 3.1,0, 
1.5, 3.2,0, 
1.5, 3.3,0, 
1.5, 3.4,0, 
1.5, 3.5,0, 
1.5, 3.6,0, 
1.5, 3.7,0, 
1.5, 3.8,0, 
1.5, 3.9,0, 
1.5, 4,0, 
1.5, 4.1,0, 
1.5, 4.2,0, 
1.5, 4.3,0, 
1.5, 4.4,0, 
1.5, 4.5,0, 
1.5, 4.6,0, 
1.5, 4.7,0, 
1.5, 4.8,0, 
1.5, 4.9,0, 
1.5, 5,0, 
1.6, 0.1,0.0763453, 
1.6, 0.2,0.0739516, 
1.6, 0.3,0.188044, 
1.6, 0.4,0.1222, 
1.6, 0.5,0.0707864, 
1.6, 0.6,0, 
1.6, 0.7,0.0845316, 
1.6, 0.8,0, 
1.6, 0.9,0.102982, 
1.6, 1,0, 
1.6, 1.1,0, 
1.6, 1.2,0, 
1.6, 1.3,0.119586, 
1.6, 1.4,0, 
1.6, 1.5,0, 
1.6, 1.6,0, 
1.6, 1.7,0, 
1.6, 1.8,0, 
1.6, 1.9,0, 
1.6, 2,0, 
1.6, 2.1,0, 
1.6, 2.2,0, 
1.6, 2.3,0, 
1.6, 2.4,0, 
1.6, 2.5,0, 
1.6, 2.6,0, 
1.6, 2.7,0, 
1.6, 2.8,0, 
1.6, 2.9,0, 
1.6, 3,0, 
1.6, 3.1,0, 
1.6, 3.2,0, 
1.6, 3.3,0, 
1.6, 3.4,0, 
1.6, 3.5,0, 
1.6, 3.6,0, 
1.6, 3.7,0, 
1.6, 3.8,0, 
1.6, 3.9,0, 
1.6, 4,0, 
1.6, 4.1,0, 
1.6, 4.2,0, 
1.6, 4.3,0, 
1.6, 4.4,0, 
1.6, 4.5,0, 
1.6, 4.6,0, 
1.6, 4.7,0, 
1.6, 4.8,0, 
1.6, 4.9,0, 
1.6, 5,0, 
1.7, 0.1,0.101882, 
1.7, 0.2,0.181903, 
1.7, 0.3,0, 
1.7, 0.4,0.164682, 
1.7, 0.5,0.0822205, 
1.7, 0.6,0, 
1.7, 0.7,0.0914984, 
1.7, 0.8,0, 
1.7, 0.9,0.105688, 
1.7, 1,0, 
1.7, 1.1,0.120426, 
1.7, 1.2,0, 
1.7, 1.3,0, 
1.7, 1.4,0, 
1.7, 1.5,0, 
1.7, 1.6,0, 
1.7, 1.7,0, 
1.7, 1.8,0, 
1.7, 1.9,0, 
1.7, 2,0, 
1.7, 2.1,0, 
1.7, 2.2,0, 
1.7, 2.3,0, 
1.7, 2.4,0, 
1.7, 2.5,0, 
1.7, 2.6,0, 
1.7, 2.7,0, 
1.7, 2.8,0, 
1.7, 2.9,0, 
1.7, 3,0, 
1.7, 3.1,0, 
1.7, 3.2,0, 
1.7, 3.3,0, 
1.7, 3.4,0, 
1.7, 3.5,0, 
1.7, 3.6,0, 
1.7, 3.7,0, 
1.7, 3.8,0, 
1.7, 3.9,0, 
1.7, 4,0, 
1.7, 4.1,0, 
1.7, 4.2,0, 
1.7, 4.3,0, 
1.7, 4.4,0, 
1.7, 4.5,0, 
1.7, 4.6,0, 
1.7, 4.7,0, 
1.7, 4.8,0, 
1.7, 4.9,0, 
1.7, 5,0, 
1.8, 0.1,0.173845, 
1.8, 0.2,0.0975443, 
1.8, 0.3,0.115663, 
1.8, 0.4,0, 
1.8, 0.5,0.131815, 
1.8, 0.6,0.0783295, 
1.8, 0.7,0, 
1.8, 0.8,0.108123, 
1.8, 0.9,0, 
1.8, 1,0.110985, 
1.8, 1.1,0, 
1.8, 1.2,0.107335, 
1.8, 1.3,0, 
1.8, 1.4,0, 
1.8, 1.5,0, 
1.8, 1.6,0, 
1.8, 1.7,0, 
1.8, 1.8,0, 
1.8, 1.9,0, 
1.8, 2,0, 
1.8, 2.1,0, 
1.8, 2.2,0, 
1.8, 2.3,0, 
1.8, 2.4,0, 
1.8, 2.5,0, 
1.8, 2.6,0, 
1.8, 2.7,0, 
1.8, 2.8,0, 
1.8, 2.9,0, 
1.8, 3,0, 
1.8, 3.1,0, 
1.8, 3.2,0, 
1.8, 3.3,0, 
1.8, 3.4,0, 
1.8, 3.5,0, 
1.8, 3.6,0, 
1.8, 3.7,0, 
1.8, 3.8,0, 
1.8, 3.9,0, 
1.8, 4,0, 
1.8, 4.1,0, 
1.8, 4.2,0, 
1.8, 4.3,0, 
1.8, 4.4,0, 
1.8, 4.5,0, 
1.8, 4.6,0, 
1.8, 4.7,0, 
1.8, 4.8,0, 
1.8, 4.9,0, 
1.8, 5,0, 
1.9, 0.1,0.114238, 
1.9, 0.2,0.135209, 
1.9, 0.3,0.101948, 
1.9, 0.4,0.0585925, 
1.9, 0.5,0.140243, 
1.9, 0.6,0.0717053, 
1.9, 0.7,0, 
1.9, 0.8,0, 
1.9, 0.9,0, 
1.9, 1,0, 
1.9, 1.1,0, 
1.9, 1.2,0, 
1.9, 1.3,0, 
1.9, 1.4,0, 
1.9, 1.5,0, 
1.9, 1.6,0, 
1.9, 1.7,0, 
1.9, 1.8,0, 
1.9, 1.9,0, 
1.9, 2,0, 
1.9, 2.1,0, 
1.9, 2.2,0, 
1.9, 2.3,0, 
1.9, 2.4,0, 
1.9, 2.5,0, 
1.9, 2.6,0, 
1.9, 2.7,0, 
1.9, 2.8,0, 
1.9, 2.9,0, 
1.9, 3,0, 
1.9, 3.1,0, 
1.9, 3.2,0, 
1.9, 3.3,0, 
1.9, 3.4,0, 
1.9, 3.5,0, 
1.9, 3.6,0, 
1.9, 3.7,0, 
1.9, 3.8,0, 
1.9, 3.9,0, 
1.9, 4,0, 
1.9, 4.1,0, 
1.9, 4.2,0, 
1.9, 4.3,0, 
1.9, 4.4,0, 
1.9, 4.5,0, 
1.9, 4.6,0, 
1.9, 4.7,0, 
1.9, 4.8,0, 
1.9, 4.9,0, 
1.9, 5,0, 
2, 0.1,0.0678385, 
2, 0.2,0.156663, 
2, 0.3,0.10439, 
2, 0.4,0, 
2, 0.5,0, 
2, 0.6,0, 
2, 0.7,0.0993821, 
2, 0.8,0, 
2, 0.9,0, 
2, 1,0, 
2, 1.1,0, 
2, 1.2,0, 
2, 1.3,0, 
2, 1.4,0, 
2, 1.5,0, 
2, 1.6,0, 
2, 1.7,0.151109, 
2, 1.8,0, 
2, 1.9,0, 
2, 2,0, 
2, 2.1,0, 
2, 2.2,0, 
2, 2.3,0, 
2, 2.4,0, 
2, 2.5,0, 
2, 2.6,0, 
2, 2.7,0, 
2, 2.8,0, 
2, 2.9,0, 
2, 3,0, 
2, 3.1,0, 
2, 3.2,0, 
2, 3.3,0, 
2, 3.4,0, 
2, 3.5,0, 
2, 3.6,0, 
2, 3.7,0, 
2, 3.8,0, 
2, 3.9,0, 
2, 4,0, 
2, 4.1,0, 
2, 4.2,0, 
2, 4.3,0, 
2, 4.4,0, 
2, 4.5,0, 
2, 4.6,0, 
2, 4.7,0, 
2, 4.8,0, 
2, 4.9,0, 
2, 5,0, 
2.1, 0.1,0.142981, 
2.1, 0.2,0.157879, 
2.1, 0.3,0.0579762, 
2.1, 0.4,0.132577, 
2.1, 0.5,0.159892, 
2.1, 0.6,0.0913932, 
2.1, 0.7,0, 
2.1, 0.8,0, 
2.1, 0.9,0, 
2.1, 1,0, 
2.1, 1.1,0, 
2.1, 1.2,0, 
2.1, 1.3,0.147199, 
2.1, 1.4,0, 
2.1, 1.5,0, 
2.1, 1.6,0, 
2.1, 1.7,0, 
2.1, 1.8,0, 
2.1, 1.9,0, 
2.1, 2,0, 
2.1, 2.1,0, 
2.1, 2.2,0, 
2.1, 2.3,0, 
2.1, 2.4,0, 
2.1, 2.5,0, 
2.1, 2.6,0, 
2.1, 2.7,0, 
2.1, 2.8,0, 
2.1, 2.9,0, 
2.1, 3,0, 
2.1, 3.1,0, 
2.1, 3.2,0, 
2.1, 3.3,0, 
2.1, 3.4,0, 
2.1, 3.5,0, 
2.1, 3.6,0, 
2.1, 3.7,0, 
2.1, 3.8,0, 
2.1, 3.9,0, 
2.1, 4,0, 
2.1, 4.1,0, 
2.1, 4.2,0, 
2.1, 4.3,0, 
2.1, 4.4,0, 
2.1, 4.5,0, 
2.1, 4.6,0, 
2.1, 4.7,0, 
2.1, 4.8,0, 
2.1, 4.9,0, 
2.1, 5,0, 
2.2, 0.1,0.0934058, 
2.2, 0.2,0.103336, 
2.2, 0.3,0.061043, 
2.2, 0.4,0.142966, 
2.2, 0.5,0.0809354, 
2.2, 0.6,0.0913598, 
2.2, 0.7,0.110473, 
2.2, 0.8,0.0977532, 
2.2, 0.9,0, 
2.2, 1,0.121537, 
2.2, 1.1,0, 
2.2, 1.2,0, 
2.2, 1.3,0.128179, 
2.2, 1.4,0, 
2.2, 1.5,0, 
2.2, 1.6,0, 
2.2, 1.7,0, 
2.2, 1.8,0, 
2.2, 1.9,0, 
2.2, 2,0, 
2.2, 2.1,0.160836, 
2.2, 2.2,0, 
2.2, 2.3,0, 
2.2, 2.4,0, 
2.2, 2.5,0, 
2.2, 2.6,0, 
2.2, 2.7,0, 
2.2, 2.8,0, 
2.2, 2.9,0, 
2.2, 3,0, 
2.2, 3.1,0, 
2.2, 3.2,0, 
2.2, 3.3,0, 
2.2, 3.4,0, 
2.2, 3.5,0, 
2.2, 3.6,0, 
2.2, 3.7,0, 
2.2, 3.8,0, 
2.2, 3.9,0, 
2.2, 4,0, 
2.2, 4.1,0, 
2.2, 4.2,0, 
2.2, 4.3,0, 
2.2, 4.4,0, 
2.2, 4.5,0, 
2.2, 4.6,0, 
2.2, 4.7,0, 
2.2, 4.8,0, 
2.2, 4.9,0, 
2.2, 5,0, 
2.3, 0.1,0.126836, 
2.3, 0.2,0.0525436, 
2.3, 0.3,0.125293, 
2.3, 0.4,0.122893, 
2.3, 0.5,0.0846351, 
2.3, 0.6,0, 
2.3, 0.7,0, 
2.3, 0.8,0, 
2.3, 0.9,0, 
2.3, 1,0, 
2.3, 1.1,0, 
2.3, 1.2,0, 
2.3, 1.3,0, 
2.3, 1.4,0.148104, 
2.3, 1.5,0, 
2.3, 1.6,0, 
2.3, 1.7,0, 
2.3, 1.8,0.150839, 
2.3, 1.9,0, 
2.3, 2,0, 
2.3, 2.1,0, 
2.3, 2.2,0, 
2.3, 2.3,0, 
2.3, 2.4,0, 
2.3, 2.5,0, 
2.3, 2.6,0, 
2.3, 2.7,0, 
2.3, 2.8,0, 
2.3, 2.9,0, 
2.3, 3,0, 
2.3, 3.1,0, 
2.3, 3.2,0, 
2.3, 3.3,0, 
2.3, 3.4,0, 
2.3, 3.5,0, 
2.3, 3.6,0, 
2.3, 3.7,0, 
2.3, 3.8,0, 
2.3, 3.9,0, 
2.3, 4,0, 
2.3, 4.1,0, 
2.3, 4.2,0, 
2.3, 4.3,0, 
2.3, 4.4,0, 
2.3, 4.5,0, 
2.3, 4.6,0, 
2.3, 4.7,0, 
2.3, 4.8,0, 
2.3, 4.9,0, 
2.3, 5,0, 
2.4, 0.1,0.0330096, 
2.4, 0.2,0.0469079, 
2.4, 0.3,0.130447, 
2.4, 0.4,0.148549, 
2.4, 0.5,0, 
2.4, 0.6,0.0966273, 
2.4, 0.7,0.101252, 
2.4, 0.8,0.118097, 
2.4, 0.9,0, 
2.4, 1,0, 
2.4, 1.1,0, 
2.4, 1.2,0.140989, 
2.4, 1.3,0.153907, 
2.4, 1.4,0, 
2.4, 1.5,0, 
2.4, 1.6,0, 
2.4, 1.7,0, 
2.4, 1.8,0, 
2.4, 1.9,0, 
2.4, 2,0, 
2.4, 2.1,0, 
2.4, 2.2,0, 
2.4, 2.3,0, 
2.4, 2.4,0, 
2.4, 2.5,0, 
2.4, 2.6,0, 
2.4, 2.7,0, 
2.4, 2.8,0, 
2.4, 2.9,0, 
2.4, 3,0, 
2.4, 3.1,0, 
2.4, 3.2,0, 
2.4, 3.3,0, 
2.4, 3.4,0, 
2.4, 3.5,0, 
2.4, 3.6,0, 
2.4, 3.7,0, 
2.4, 3.8,0, 
2.4, 3.9,0, 
2.4, 4,0, 
2.4, 4.1,0, 
2.4, 4.2,0, 
2.4, 4.3,0, 
2.4, 4.4,0, 
2.4, 4.5,0, 
2.4, 4.6,0, 
2.4, 4.7,0, 
2.4, 4.8,0, 
2.4, 4.9,0, 
2.4, 5,0, 
2.5, 0.1,0.0796293, 
2.5, 0.2,0.0762188, 
2.5, 0.3,0.109014, 
2.5, 0.4,0, 
2.5, 0.5,0.0928017, 
2.5, 0.6,0, 
2.5, 0.7,0.109452, 
2.5, 0.8,0, 
2.5, 0.9,0, 
2.5, 1,0, 
2.5, 1.1,0, 
2.5, 1.2,0, 
2.5, 1.3,0, 
2.5, 1.4,0, 
2.5, 1.5,0, 
2.5, 1.6,0, 
2.5, 1.7,0, 
2.5, 1.8,0, 
2.5, 1.9,0, 
2.5, 2,0, 
2.5, 2.1,0, 
2.5, 2.2,0, 
2.5, 2.3,0, 
2.5, 2.4,0, 
2.5, 2.5,0, 
2.5, 2.6,0, 
2.5, 2.7,0, 
2.5, 2.8,0, 
2.5, 2.9,0, 
2.5, 3,0, 
2.5, 3.1,0, 
2.5, 3.2,0, 
2.5, 3.3,0, 
2.5, 3.4,0, 
2.5, 3.5,0, 
2.5, 3.6,0, 
2.5, 3.7,0, 
2.5, 3.8,0, 
2.5, 3.9,0, 
2.5, 4,0, 
2.5, 4.1,0, 
2.5, 4.2,0, 
2.5, 4.3,0, 
2.5, 4.4,0, 
2.5, 4.5,0, 
2.5, 4.6,0, 
2.5, 4.7,0, 
2.5, 4.8,0, 
2.5, 4.9,0, 
2.5, 5,0, 
2.6, 0.1,0.0954927, 
2.6, 0.2,0.14483, 
2.6, 0.3,0.0635986, 
2.6, 0.4,0.157238, 
2.6, 0.5,0.0983807, 
2.6, 0.6,0, 
2.6, 0.7,0, 
2.6, 0.8,0, 
2.6, 0.9,0, 
2.6, 1,0, 
2.6, 1.1,0, 
2.6, 1.2,0, 
2.6, 1.3,0, 
2.6, 1.4,0, 
2.6, 1.5,0, 
2.6, 1.6,0, 
2.6, 1.7,0, 
2.6, 1.8,0, 
2.6, 1.9,0, 
2.6, 2,0, 
2.6, 2.1,0, 
2.6, 2.2,0, 
2.6, 2.3,0, 
2.6, 2.4,0, 
2.6, 2.5,0, 
2.6, 2.6,0, 
2.6, 2.7,0, 
2.6, 2.8,0, 
2.6, 2.9,0, 
2.6, 3,0, 
2.6, 3.1,0, 
2.6, 3.2,0, 
2.6, 3.3,0, 
2.6, 3.4,0, 
2.6, 3.5,0, 
2.6, 3.6,0, 
2.6, 3.7,0, 
2.6, 3.8,0, 
2.6, 3.9,0, 
2.6, 4,0, 
2.6, 4.1,0, 
2.6, 4.2,0, 
2.6, 4.3,0, 
2.6, 4.4,0, 
2.6, 4.5,0, 
2.6, 4.6,0, 
2.6, 4.7,0, 
2.6, 4.8,0, 
2.6, 4.9,0, 
2.6, 5,0, 
2.7, 0.1,0.0941236, 
2.7, 0.2,0.156674, 
2.7, 0.3,0, 
2.7, 0.4,0.0881133, 
2.7, 0.5,0, 
2.7, 0.6,0.112496, 
2.7, 0.7,0, 
2.7, 0.8,0, 
2.7, 0.9,0, 
2.7, 1,0, 
2.7, 1.1,0, 
2.7, 1.2,0, 
2.7, 1.3,0, 
2.7, 1.4,0, 
2.7, 1.5,0, 
2.7, 1.6,0, 
2.7, 1.7,0, 
2.7, 1.8,0, 
2.7, 1.9,0, 
2.7, 2,0, 
2.7, 2.1,0, 
2.7, 2.2,0, 
2.7, 2.3,0, 
2.7, 2.4,0, 
2.7, 2.5,0, 
2.7, 2.6,0, 
2.7, 2.7,0, 
2.7, 2.8,0, 
2.7, 2.9,0, 
2.7, 3,0, 
2.7, 3.1,0, 
2.7, 3.2,0, 
2.7, 3.3,0, 
2.7, 3.4,0, 
2.7, 3.5,0, 
2.7, 3.6,0, 
2.7, 3.7,0, 
2.7, 3.8,0, 
2.7, 3.9,0, 
2.7, 4,0, 
2.7, 4.1,0, 
2.7, 4.2,0, 
2.7, 4.3,0, 
2.7, 4.4,0, 
2.7, 4.5,0, 
2.7, 4.6,0, 
2.7, 4.7,0, 
2.7, 4.8,0, 
2.7, 4.9,0, 
2.7, 5,0, 
2.8, 0.1,0.221851, 
2.8, 0.2,0.0588056, 
2.8, 0.3,0.0687671, 
2.8, 0.4,0, 
2.8, 0.5,0, 
2.8, 0.6,0.100926, 
2.8, 0.7,0, 
2.8, 0.8,0, 
2.8, 0.9,0, 
2.8, 1,0.126337, 
2.8, 1.1,0, 
2.8, 1.2,0.151967, 
2.8, 1.3,0, 
2.8, 1.4,0, 
2.8, 1.5,0, 
2.8, 1.6,0, 
2.8, 1.7,0, 
2.8, 1.8,0, 
2.8, 1.9,0, 
2.8, 2,0, 
2.8, 2.1,0, 
2.8, 2.2,0, 
2.8, 2.3,0, 
2.8, 2.4,0, 
2.8, 2.5,0, 
2.8, 2.6,0, 
2.8, 2.7,0, 
2.8, 2.8,0, 
2.8, 2.9,0, 
2.8, 3,0, 
2.8, 3.1,0, 
2.8, 3.2,0, 
2.8, 3.3,0, 
2.8, 3.4,0, 
2.8, 3.5,0, 
2.8, 3.6,0, 
2.8, 3.7,0, 
2.8, 3.8,0, 
2.8, 3.9,0, 
2.8, 4,0, 
2.8, 4.1,0, 
2.8, 4.2,0, 
2.8, 4.3,0, 
2.8, 4.4,0, 
2.8, 4.5,0, 
2.8, 4.6,0, 
2.8, 4.7,0, 
2.8, 4.8,0, 
2.8, 4.9,0, 
2.8, 5,0, 
2.9, 0.1,0.0878721, 
2.9, 0.2,0.189503, 
2.9, 0.3,0, 
2.9, 0.4,0.0943571, 
2.9, 0.5,0, 
2.9, 0.6,0.108691, 
2.9, 0.7,0, 
2.9, 0.8,0, 
2.9, 0.9,0, 
2.9, 1,0, 
2.9, 1.1,0, 
2.9, 1.2,0, 
2.9, 1.3,0, 
2.9, 1.4,0, 
2.9, 1.5,0, 
2.9, 1.6,0, 
2.9, 1.7,0, 
2.9, 1.8,0, 
2.9, 1.9,0, 
2.9, 2,0, 
2.9, 2.1,0, 
2.9, 2.2,0, 
2.9, 2.3,0, 
2.9, 2.4,0, 
2.9, 2.5,0, 
2.9, 2.6,0, 
2.9, 2.7,0, 
2.9, 2.8,0, 
2.9, 2.9,0, 
2.9, 3,0, 
2.9, 3.1,0, 
2.9, 3.2,0, 
2.9, 3.3,0, 
2.9, 3.4,0, 
2.9, 3.5,0, 
2.9, 3.6,0, 
2.9, 3.7,0, 
2.9, 3.8,0, 
2.9, 3.9,0, 
2.9, 4,0, 
2.9, 4.1,0, 
2.9, 4.2,0, 
2.9, 4.3,0, 
2.9, 4.4,0, 
2.9, 4.5,0, 
2.9, 4.6,0, 
2.9, 4.7,0, 
2.9, 4.8,0, 
2.9, 4.9,0, 
2.9, 5,0, 
3, 0.1,0.0777757, 
3, 0.2,0.115341, 
3, 0.3,0.0699599, 
3, 0.4,0, 
3, 0.5,0.176069, 
3, 0.6,0, 
3, 0.7,0, 
3, 0.8,0, 
3, 0.9,0, 
3, 1,0, 
3, 1.1,0, 
3, 1.2,0, 
3, 1.3,0, 
3, 1.4,0, 
3, 1.5,0, 
3, 1.6,0, 
3, 1.7,0, 
3, 1.8,0, 
3, 1.9,0, 
3, 2,0, 
3, 2.1,0, 
3, 2.2,0, 
3, 2.3,0, 
3, 2.4,0, 
3, 2.5,0, 
3, 2.6,0, 
3, 2.7,0, 
3, 2.8,0, 
3, 2.9,0, 
3, 3,0, 
3, 3.1,0, 
3, 3.2,0, 
3, 3.3,0, 
3, 3.4,0, 
3, 3.5,0, 
3, 3.6,0, 
3, 3.7,0, 
3, 3.8,0, 
3, 3.9,0, 
3, 4,0, 
3, 4.1,0, 
3, 4.2,0, 
3, 4.3,0, 
3, 4.4,0, 
3, 4.5,0, 
3, 4.6,0, 
3, 4.7,0, 
3, 4.8,0, 
3, 4.9,0, 
3, 5,0, 
3.1, 0.1,0.103072, 
3.1, 0.2,0.119222, 
3.1, 0.3,0, 
3.1, 0.4,0.0915575, 
3.1, 0.5,0.0983678, 
3.1, 0.6,0.106848, 
3.1, 0.7,0, 
3.1, 0.8,0, 
3.1, 0.9,0, 
3.1, 1,0, 
3.1, 1.1,0.136321, 
3.1, 1.2,0, 
3.1, 1.3,0, 
3.1, 1.4,0, 
3.1, 1.5,0, 
3.1, 1.6,0, 
3.1, 1.7,0, 
3.1, 1.8,0, 
3.1, 1.9,0, 
3.1, 2,0, 
3.1, 2.1,0, 
3.1, 2.2,0, 
3.1, 2.3,0, 
3.1, 2.4,0, 
3.1, 2.5,0, 
3.1, 2.6,0, 
3.1, 2.7,0, 
3.1, 2.8,0, 
3.1, 2.9,0, 
3.1, 3,0, 
3.1, 3.1,0, 
3.1, 3.2,0, 
3.1, 3.3,0, 
3.1, 3.4,0, 
3.1, 3.5,0, 
3.1, 3.6,0, 
3.1, 3.7,0, 
3.1, 3.8,0, 
3.1, 3.9,0, 
3.1, 4,0, 
3.1, 4.1,0, 
3.1, 4.2,0, 
3.1, 4.3,0, 
3.1, 4.4,0, 
3.1, 4.5,0, 
3.1, 4.6,0, 
3.1, 4.7,0, 
3.1, 4.8,0, 
3.1, 4.9,0, 
3.1, 5,0, 
3.2, 0.1,0.154056, 
3.2, 0.2,0.159221, 
3.2, 0.3,0.0732407, 
3.2, 0.4,0, 
3.2, 0.5,0.086798, 
3.2, 0.6,0, 
3.2, 0.7,0, 
3.2, 0.8,0, 
3.2, 0.9,0, 
3.2, 1,0, 
3.2, 1.1,0, 
3.2, 1.2,0, 
3.2, 1.3,0, 
3.2, 1.4,0, 
3.2, 1.5,0, 
3.2, 1.6,0, 
3.2, 1.7,0, 
3.2, 1.8,0, 
3.2, 1.9,0, 
3.2, 2,0, 
3.2, 2.1,0, 
3.2, 2.2,0, 
3.2, 2.3,0, 
3.2, 2.4,0, 
3.2, 2.5,0, 
3.2, 2.6,0, 
3.2, 2.7,0, 
3.2, 2.8,0, 
3.2, 2.9,0, 
3.2, 3,0, 
3.2, 3.1,0, 
3.2, 3.2,0, 
3.2, 3.3,0, 
3.2, 3.4,0, 
3.2, 3.5,0, 
3.2, 3.6,0, 
3.2, 3.7,0, 
3.2, 3.8,0, 
3.2, 3.9,0, 
3.2, 4,0, 
3.2, 4.1,0, 
3.2, 4.2,0, 
3.2, 4.3,0, 
3.2, 4.4,0, 
3.2, 4.5,0, 
3.2, 4.6,0, 
3.2, 4.7,0, 
3.2, 4.8,0, 
3.2, 4.9,0, 
3.2, 5,0, 
3.3, 0.1,0.23476, 
3.3, 0.2,0.055298, 
3.3, 0.3,0.0776203, 
3.3, 0.4,0, 
3.3, 0.5,0, 
3.3, 0.6,0, 
3.3, 0.7,0.128286, 
3.3, 0.8,0, 
3.3, 0.9,0, 
3.3, 1,0, 
3.3, 1.1,0, 
3.3, 1.2,0, 
3.3, 1.3,0, 
3.3, 1.4,0, 
3.3, 1.5,0, 
3.3, 1.6,0.176079, 
3.3, 1.7,0, 
3.3, 1.8,0, 
3.3, 1.9,0, 
3.3, 2,0, 
3.3, 2.1,0, 
3.3, 2.2,0, 
3.3, 2.3,0, 
3.3, 2.4,0, 
3.3, 2.5,0, 
3.3, 2.6,0, 
3.3, 2.7,0, 
3.3, 2.8,0, 
3.3, 2.9,0, 
3.3, 3,0, 
3.3, 3.1,0, 
3.3, 3.2,0, 
3.3, 3.3,0, 
3.3, 3.4,0, 
3.3, 3.5,0, 
3.3, 3.6,0, 
3.3, 3.7,0, 
3.3, 3.8,0, 
3.3, 3.9,0, 
3.3, 4,0, 
3.3, 4.1,0, 
3.3, 4.2,0, 
3.3, 4.3,0, 
3.3, 4.4,0, 
3.3, 4.5,0, 
3.3, 4.6,0, 
3.3, 4.7,0, 
3.3, 4.8,0, 
3.3, 4.9,0, 
3.3, 5,0, 
3.4, 0.1,0.168244, 
3.4, 0.2,0, 
3.4, 0.3,0, 
3.4, 0.4,0, 
3.4, 0.5,0, 
3.4, 0.6,0.107063, 
3.4, 0.7,0, 
3.4, 0.8,0.12511, 
3.4, 0.9,0, 
3.4, 1,0, 
3.4, 1.1,0, 
3.4, 1.2,0, 
3.4, 1.3,0, 
3.4, 1.4,0, 
3.4, 1.5,0, 
3.4, 1.6,0, 
3.4, 1.7,0, 
3.4, 1.8,0, 
3.4, 1.9,0, 
3.4, 2,0, 
3.4, 2.1,0, 
3.4, 2.2,0, 
3.4, 2.3,0, 
3.4, 2.4,0, 
3.4, 2.5,0, 
3.4, 2.6,0, 
3.4, 2.7,0, 
3.4, 2.8,0, 
3.4, 2.9,0, 
3.4, 3,0, 
3.4, 3.1,0, 
3.4, 3.2,0, 
3.4, 3.3,0, 
3.4, 3.4,0, 
3.4, 3.5,0, 
3.4, 3.6,0, 
3.4, 3.7,0, 
3.4, 3.8,0, 
3.4, 3.9,0, 
3.4, 4,0, 
3.4, 4.1,0, 
3.4, 4.2,0, 
3.4, 4.3,0, 
3.4, 4.4,0, 
3.4, 4.5,0, 
3.4, 4.6,0, 
3.4, 4.7,0, 
3.4, 4.8,0, 
3.4, 4.9,0, 
3.4, 5,0, 
3.5, 0.1,0.0468588, 
3.5, 0.2,0.0581232, 
3.5, 0.3,0.153021, 
3.5, 0.4,0.0950586, 
3.5, 0.5,0.101957, 
3.5, 0.6,0, 
3.5, 0.7,0.128262, 
3.5, 0.8,0, 
3.5, 0.9,0, 
3.5, 1,0, 
3.5, 1.1,0, 
3.5, 1.2,0, 
3.5, 1.3,0, 
3.5, 1.4,0, 
3.5, 1.5,0, 
3.5, 1.6,0, 
3.5, 1.7,0, 
3.5, 1.8,0, 
3.5, 1.9,0, 
3.5, 2,0, 
3.5, 2.1,0, 
3.5, 2.2,0, 
3.5, 2.3,0, 
3.5, 2.4,0, 
3.5, 2.5,0, 
3.5, 2.6,0, 
3.5, 2.7,0, 
3.5, 2.8,0, 
3.5, 2.9,0, 
3.5, 3,0, 
3.5, 3.1,0, 
3.5, 3.2,0, 
3.5, 3.3,0, 
3.5, 3.4,0, 
3.5, 3.5,0, 
3.5, 3.6,0, 
3.5, 3.7,0, 
3.5, 3.8,0, 
3.5, 3.9,0, 
3.5, 4,0, 
3.5, 4.1,0, 
3.5, 4.2,0, 
3.5, 4.3,0, 
3.5, 4.4,0, 
3.5, 4.5,0, 
3.5, 4.6,0, 
3.5, 4.7,0, 
3.5, 4.8,0, 
3.5, 4.9,0, 
3.5, 5,0, 
3.6, 0.1,0.155552, 
3.6, 0.2,0.0525621, 
3.6, 0.3,0, 
3.6, 0.4,0, 
3.6, 0.5,0, 
3.6, 0.6,0, 
3.6, 0.7,0.142125, 
3.6, 0.8,0, 
3.6, 0.9,0, 
3.6, 1,0, 
3.6, 1.1,0, 
3.6, 1.2,0, 
3.6, 1.3,0, 
3.6, 1.4,0, 
3.6, 1.5,0, 
3.6, 1.6,0, 
3.6, 1.7,0, 
3.6, 1.8,0, 
3.6, 1.9,0, 
3.6, 2,0, 
3.6, 2.1,0, 
3.6, 2.2,0, 
3.6, 2.3,0, 
3.6, 2.4,0, 
3.6, 2.5,0, 
3.6, 2.6,0, 
3.6, 2.7,0, 
3.6, 2.8,0, 
3.6, 2.9,0, 
3.6, 3,0, 
3.6, 3.1,0, 
3.6, 3.2,0, 
3.6, 3.3,0, 
3.6, 3.4,0, 
3.6, 3.5,0, 
3.6, 3.6,0, 
3.6, 3.7,0, 
3.6, 3.8,0, 
3.6, 3.9,0, 
3.6, 4,0, 
3.6, 4.1,0, 
3.6, 4.2,0, 
3.6, 4.3,0, 
3.6, 4.4,0, 
3.6, 4.5,0, 
3.6, 4.6,0, 
3.6, 4.7,0, 
3.6, 4.8,0, 
3.6, 4.9,0, 
3.6, 5,0, 
3.7, 0.1,0.0886953, 
3.7, 0.2,0.185391, 
3.7, 0.3,0, 
3.7, 0.4,0.0891308, 
3.7, 0.5,0.119627, 
3.7, 0.6,0, 
3.7, 0.7,0, 
3.7, 0.8,0, 
3.7, 0.9,0, 
3.7, 1,0, 
3.7, 1.1,0, 
3.7, 1.2,0, 
3.7, 1.3,0, 
3.7, 1.4,0, 
3.7, 1.5,0, 
3.7, 1.6,0, 
3.7, 1.7,0, 
3.7, 1.8,0, 
3.7, 1.9,0, 
3.7, 2,0, 
3.7, 2.1,0, 
3.7, 2.2,0, 
3.7, 2.3,0, 
3.7, 2.4,0, 
3.7, 2.5,0, 
3.7, 2.6,0, 
3.7, 2.7,0, 
3.7, 2.8,0, 
3.7, 2.9,0, 
3.7, 3,0, 
3.7, 3.1,0, 
3.7, 3.2,0, 
3.7, 3.3,0, 
3.7, 3.4,0, 
3.7, 3.5,0, 
3.7, 3.6,0, 
3.7, 3.7,0, 
3.7, 3.8,0, 
3.7, 3.9,0, 
3.7, 4,0, 
3.7, 4.1,0, 
3.7, 4.2,0, 
3.7, 4.3,0, 
3.7, 4.4,0, 
3.7, 4.5,0, 
3.7, 4.6,0, 
3.7, 4.7,0, 
3.7, 4.8,0, 
3.7, 4.9,0, 
3.7, 5,0, 
3.8, 0.1,0.065477, 
3.8, 0.2,0, 
3.8, 0.3,0, 
3.8, 0.4,0.0989761, 
3.8, 0.5,0, 
3.8, 0.6,0, 
3.8, 0.7,0.146748, 
3.8, 0.8,0, 
3.8, 0.9,0, 
3.8, 1,0, 
3.8, 1.1,0, 
3.8, 1.2,0, 
3.8, 1.3,0, 
3.8, 1.4,0, 
3.8, 1.5,0, 
3.8, 1.6,0, 
3.8, 1.7,0, 
3.8, 1.8,0, 
3.8, 1.9,0, 
3.8, 2,0, 
3.8, 2.1,0, 
3.8, 2.2,0, 
3.8, 2.3,0, 
3.8, 2.4,0, 
3.8, 2.5,0, 
3.8, 2.6,0, 
3.8, 2.7,0, 
3.8, 2.8,0, 
3.8, 2.9,0, 
3.8, 3,0, 
3.8, 3.1,0, 
3.8, 3.2,0, 
3.8, 3.3,0, 
3.8, 3.4,0, 
3.8, 3.5,0, 
3.8, 3.6,0, 
3.8, 3.7,0, 
3.8, 3.8,0, 
3.8, 3.9,0, 
3.8, 4,0, 
3.8, 4.1,0, 
3.8, 4.2,0, 
3.8, 4.3,0, 
3.8, 4.4,0, 
3.8, 4.5,0, 
3.8, 4.6,0, 
3.8, 4.7,0, 
3.8, 4.8,0, 
3.8, 4.9,0, 
3.8, 5,0, 
3.9, 0.1,0.121797, 
3.9, 0.2,0.143372, 
3.9, 0.3,0.0951475, 
3.9, 0.4,0, 
3.9, 0.5,0, 
3.9, 0.6,0, 
3.9, 0.7,0, 
3.9, 0.8,0, 
3.9, 0.9,0, 
3.9, 1,0, 
3.9, 1.1,0, 
3.9, 1.2,0, 
3.9, 1.3,0, 
3.9, 1.4,0, 
3.9, 1.5,0, 
3.9, 1.6,0, 
3.9, 1.7,0, 
3.9, 1.8,0, 
3.9, 1.9,0, 
3.9, 2,0, 
3.9, 2.1,0, 
3.9, 2.2,0, 
3.9, 2.3,0, 
3.9, 2.4,0, 
3.9, 2.5,0, 
3.9, 2.6,0, 
3.9, 2.7,0, 
3.9, 2.8,0, 
3.9, 2.9,0, 
3.9, 3,0, 
3.9, 3.1,0, 
3.9, 3.2,0, 
3.9, 3.3,0, 
3.9, 3.4,0, 
3.9, 3.5,0, 
3.9, 3.6,0, 
3.9, 3.7,0, 
3.9, 3.8,0, 
3.9, 3.9,0, 
3.9, 4,0, 
3.9, 4.1,0, 
3.9, 4.2,0, 
3.9, 4.3,0, 
3.9, 4.4,0, 
3.9, 4.5,0, 
3.9, 4.6,0, 
3.9, 4.7,0, 
3.9, 4.8,0, 
3.9, 4.9,0, 
3.9, 5,0, 
4, 0.1,0.124307, 
4, 0.2,0.0746493, 
4, 0.3,0, 
4, 0.4,0, 
4, 0.5,0, 
4, 0.6,0, 
4, 0.7,0, 
4, 0.8,0, 
4, 0.9,0, 
4, 1,0, 
4, 1.1,0, 
4, 1.2,0, 
4, 1.3,0, 
4, 1.4,0, 
4, 1.5,0, 
4, 1.6,0, 
4, 1.7,0, 
4, 1.8,0, 
4, 1.9,0, 
4, 2,0, 
4, 2.1,0, 
4, 2.2,0, 
4, 2.3,0, 
4, 2.4,0, 
4, 2.5,0, 
4, 2.6,0, 
4, 2.7,0, 
4, 2.8,0, 
4, 2.9,0, 
4, 3,0, 
4, 3.1,0, 
4, 3.2,0, 
4, 3.3,0, 
4, 3.4,0, 
4, 3.5,0, 
4, 3.6,0, 
4, 3.7,0, 
4, 3.8,0, 
4, 3.9,0, 
4, 4,0, 
4, 4.1,0, 
4, 4.2,0, 
4, 4.3,0, 
4, 4.4,0, 
4, 4.5,0, 
4, 4.6,0, 
4, 4.7,0, 
4, 4.8,0, 
4, 4.9,0, 
4, 5,0, 
4.1, 0.1,0.0372645, 
4.1, 0.2,0.0604473, 
4.1, 0.3,0.0907882, 
4.1, 0.4,0, 
4.1, 0.5,0.114518, 
4.1, 0.6,0.115488, 
4.1, 0.7,0, 
4.1, 0.8,0, 
4.1, 0.9,0.150584, 
4.1, 1,0, 
4.1, 1.1,0, 
4.1, 1.2,0, 
4.1, 1.3,0, 
4.1, 1.4,0, 
4.1, 1.5,0, 
4.1, 1.6,0, 
4.1, 1.7,0, 
4.1, 1.8,0, 
4.1, 1.9,0, 
4.1, 2,0, 
4.1, 2.1,0, 
4.1, 2.2,0, 
4.1, 2.3,0, 
4.1, 2.4,0, 
4.1, 2.5,0, 
4.1, 2.6,0, 
4.1, 2.7,0, 
4.1, 2.8,0, 
4.1, 2.9,0, 
4.1, 3,0, 
4.1, 3.1,0, 
4.1, 3.2,0, 
4.1, 3.3,0, 
4.1, 3.4,0, 
4.1, 3.5,0, 
4.1, 3.6,0, 
4.1, 3.7,0, 
4.1, 3.8,0, 
4.1, 3.9,0, 
4.1, 4,0, 
4.1, 4.1,0, 
4.1, 4.2,0, 
4.1, 4.3,0, 
4.1, 4.4,0, 
4.1, 4.5,0, 
4.1, 4.6,0, 
4.1, 4.7,0, 
4.1, 4.8,0, 
4.1, 4.9,0, 
4.1, 5,0, 
4.2, 0.1,0, 
4.2, 0.2,0.0736637, 
4.2, 0.3,0, 
4.2, 0.4,0, 
4.2, 0.5,0.110089, 
4.2, 0.6,0, 
4.2, 0.7,0, 
4.2, 0.8,0, 
4.2, 0.9,0, 
4.2, 1,0, 
4.2, 1.1,0, 
4.2, 1.2,0, 
4.2, 1.3,0, 
4.2, 1.4,0, 
4.2, 1.5,0, 
4.2, 1.6,0, 
4.2, 1.7,0, 
4.2, 1.8,0, 
4.2, 1.9,0, 
4.2, 2,0, 
4.2, 2.1,0, 
4.2, 2.2,0, 
4.2, 2.3,0, 
4.2, 2.4,0, 
4.2, 2.5,0, 
4.2, 2.6,0, 
4.2, 2.7,0, 
4.2, 2.8,0, 
4.2, 2.9,0, 
4.2, 3,0, 
4.2, 3.1,0, 
4.2, 3.2,0, 
4.2, 3.3,0, 
4.2, 3.4,0, 
4.2, 3.5,0, 
4.2, 3.6,0, 
4.2, 3.7,0, 
4.2, 3.8,0, 
4.2, 3.9,0, 
4.2, 4,0, 
4.2, 4.1,0, 
4.2, 4.2,0, 
4.2, 4.3,0, 
4.2, 4.4,0, 
4.2, 4.5,0, 
4.2, 4.6,0, 
4.2, 4.7,0, 
4.2, 4.8,0, 
4.2, 4.9,0, 
4.2, 5,0, 
4.3, 0.1,0.0404294, 
4.3, 0.2,0.0801083, 
4.3, 0.3,0, 
4.3, 0.4,0, 
4.3, 0.5,0, 
4.3, 0.6,0, 
4.3, 0.7,0, 
4.3, 0.8,0, 
4.3, 0.9,0, 
4.3, 1,0, 
4.3, 1.1,0, 
4.3, 1.2,0, 
4.3, 1.3,0, 
4.3, 1.4,0, 
4.3, 1.5,0, 
4.3, 1.6,0, 
4.3, 1.7,0, 
4.3, 1.8,0, 
4.3, 1.9,0, 
4.3, 2,0, 
4.3, 2.1,0, 
4.3, 2.2,0, 
4.3, 2.3,0, 
4.3, 2.4,0, 
4.3, 2.5,0, 
4.3, 2.6,0, 
4.3, 2.7,0, 
4.3, 2.8,0, 
4.3, 2.9,0, 
4.3, 3,0, 
4.3, 3.1,0, 
4.3, 3.2,0, 
4.3, 3.3,0, 
4.3, 3.4,0, 
4.3, 3.5,0, 
4.3, 3.6,0, 
4.3, 3.7,0, 
4.3, 3.8,0, 
4.3, 3.9,0, 
4.3, 4,0, 
4.3, 4.1,0, 
4.3, 4.2,0, 
4.3, 4.3,0, 
4.3, 4.4,0, 
4.3, 4.5,0, 
4.3, 4.6,0, 
4.3, 4.7,0, 
4.3, 4.8,0, 
4.3, 4.9,0, 
4.3, 5,0, 
4.4, 0.1,0.0990591, 
4.4, 0.2,0.0692711, 
4.4, 0.3,0.0849388, 
4.4, 0.4,0, 
4.4, 0.5,0, 
4.4, 0.6,0, 
4.4, 0.7,0, 
4.4, 0.8,0, 
4.4, 0.9,0, 
4.4, 1,0, 
4.4, 1.1,0, 
4.4, 1.2,0, 
4.4, 1.3,0, 
4.4, 1.4,0, 
4.4, 1.5,0, 
4.4, 1.6,0, 
4.4, 1.7,0, 
4.4, 1.8,0, 
4.4, 1.9,0, 
4.4, 2,0, 
4.4, 2.1,0, 
4.4, 2.2,0, 
4.4, 2.3,0, 
4.4, 2.4,0, 
4.4, 2.5,0, 
4.4, 2.6,0, 
4.4, 2.7,0, 
4.4, 2.8,0, 
4.4, 2.9,0, 
4.4, 3,0, 
4.4, 3.1,0, 
4.4, 3.2,0, 
4.4, 3.3,0, 
4.4, 3.4,0, 
4.4, 3.5,0, 
4.4, 3.6,0, 
4.4, 3.7,0, 
4.4, 3.8,0, 
4.4, 3.9,0, 
4.4, 4,0, 
4.4, 4.1,0, 
4.4, 4.2,0, 
4.4, 4.3,0, 
4.4, 4.4,0, 
4.4, 4.5,0, 
4.4, 4.6,0, 
4.4, 4.7,0, 
4.4, 4.8,0, 
4.4, 4.9,0, 
4.4, 5,0, 
4.5, 0.1,0.14149, 
4.5, 0.2,0.0679654, 
4.5, 0.3,0, 
4.5, 0.4,0, 
4.5, 0.5,0, 
4.5, 0.6,0, 
4.5, 0.7,0, 
4.5, 0.8,0, 
4.5, 0.9,0, 
4.5, 1,0, 
4.5, 1.1,0, 
4.5, 1.2,0, 
4.5, 1.3,0, 
4.5, 1.4,0, 
4.5, 1.5,0, 
4.5, 1.6,0, 
4.5, 1.7,0, 
4.5, 1.8,0, 
4.5, 1.9,0, 
4.5, 2,0, 
4.5, 2.1,0, 
4.5, 2.2,0, 
4.5, 2.3,0, 
4.5, 2.4,0, 
4.5, 2.5,0, 
4.5, 2.6,0, 
4.5, 2.7,0, 
4.5, 2.8,0, 
4.5, 2.9,0, 
4.5, 3,0, 
4.5, 3.1,0, 
4.5, 3.2,0, 
4.5, 3.3,0, 
4.5, 3.4,0, 
4.5, 3.5,0, 
4.5, 3.6,0, 
4.5, 3.7,0, 
4.5, 3.8,0, 
4.5, 3.9,0, 
4.5, 4,0, 
4.5, 4.1,0, 
4.5, 4.2,0, 
4.5, 4.3,0, 
4.5, 4.4,0, 
4.5, 4.5,0, 
4.5, 4.6,0, 
4.5, 4.7,0, 
4.5, 4.8,0, 
4.5, 4.9,0, 
4.5, 5,0, 
4.6, 0.1,0.0779377, 
4.6, 0.2,0.154079, 
4.6, 0.3,0.0977303, 
4.6, 0.4,0, 
4.6, 0.5,0, 
4.6, 0.6,0.128396, 
4.6, 0.7,0, 
4.6, 0.8,0, 
4.6, 0.9,0, 
4.6, 1,0, 
4.6, 1.1,0, 
4.6, 1.2,0, 
4.6, 1.3,0, 
4.6, 1.4,0, 
4.6, 1.5,0, 
4.6, 1.6,0, 
4.6, 1.7,0, 
4.6, 1.8,0, 
4.6, 1.9,0, 
4.6, 2,0, 
4.6, 2.1,0, 
4.6, 2.2,0, 
4.6, 2.3,0, 
4.6, 2.4,0, 
4.6, 2.5,0, 
4.6, 2.6,0, 
4.6, 2.7,0, 
4.6, 2.8,0, 
4.6, 2.9,0, 
4.6, 3,0, 
4.6, 3.1,0, 
4.6, 3.2,0, 
4.6, 3.3,0, 
4.6, 3.4,0, 
4.6, 3.5,0, 
4.6, 3.6,0, 
4.6, 3.7,0, 
4.6, 3.8,0, 
4.6, 3.9,0, 
4.6, 4,0, 
4.6, 4.1,0, 
4.6, 4.2,0, 
4.6, 4.3,0, 
4.6, 4.4,0, 
4.6, 4.5,0, 
4.6, 4.6,0, 
4.6, 4.7,0, 
4.6, 4.8,0, 
4.6, 4.9,0, 
4.6, 5,0, 
4.7, 0.1,0.105081, 
4.7, 0.2,0, 
4.7, 0.3,0, 
4.7, 0.4,0.109102, 
4.7, 0.5,0, 
4.7, 0.6,0, 
4.7, 0.7,0, 
4.7, 0.8,0, 
4.7, 0.9,0, 
4.7, 1,0, 
4.7, 1.1,0, 
4.7, 1.2,0, 
4.7, 1.3,0, 
4.7, 1.4,0, 
4.7, 1.5,0, 
4.7, 1.6,0, 
4.7, 1.7,0, 
4.7, 1.8,0, 
4.7, 1.9,0, 
4.7, 2,0, 
4.7, 2.1,0, 
4.7, 2.2,0, 
4.7, 2.3,0, 
4.7, 2.4,0, 
4.7, 2.5,0, 
4.7, 2.6,0, 
4.7, 2.7,0, 
4.7, 2.8,0, 
4.7, 2.9,0, 
4.7, 3,0, 
4.7, 3.1,0, 
4.7, 3.2,0, 
4.7, 3.3,0, 
4.7, 3.4,0, 
4.7, 3.5,0, 
4.7, 3.6,0, 
4.7, 3.7,0, 
4.7, 3.8,0, 
4.7, 3.9,0, 
4.7, 4,0, 
4.7, 4.1,0, 
4.7, 4.2,0, 
4.7, 4.3,0, 
4.7, 4.4,0, 
4.7, 4.5,0, 
4.7, 4.6,0, 
4.7, 4.7,0, 
4.7, 4.8,0, 
4.7, 4.9,0, 
4.7, 5,0, 
4.8, 0.1,0.0532902, 
4.8, 0.2,0.0730265, 
4.8, 0.3,0, 
4.8, 0.4,0, 
4.8, 0.5,0, 
4.8, 0.6,0, 
4.8, 0.7,0, 
4.8, 0.8,0, 
4.8, 0.9,0, 
4.8, 1,0, 
4.8, 1.1,0, 
4.8, 1.2,0, 
4.8, 1.3,0, 
4.8, 1.4,0, 
4.8, 1.5,0, 
4.8, 1.6,0, 
4.8, 1.7,0, 
4.8, 1.8,0, 
4.8, 1.9,0, 
4.8, 2,0, 
4.8, 2.1,0, 
4.8, 2.2,0, 
4.8, 2.3,0, 
4.8, 2.4,0, 
4.8, 2.5,0, 
4.8, 2.6,0, 
4.8, 2.7,0, 
4.8, 2.8,0, 
4.8, 2.9,0, 
4.8, 3,0, 
4.8, 3.1,0, 
4.8, 3.2,0, 
4.8, 3.3,0, 
4.8, 3.4,0, 
4.8, 3.5,0, 
4.8, 3.6,0, 
4.8, 3.7,0, 
4.8, 3.8,0, 
4.8, 3.9,0, 
4.8, 4,0, 
4.8, 4.1,0, 
4.8, 4.2,0, 
4.8, 4.3,0, 
4.8, 4.4,0, 
4.8, 4.5,0, 
4.8, 4.6,0, 
4.8, 4.7,0, 
4.8, 4.8,0, 
4.8, 4.9,0, 
4.8, 5,0, 
4.9, 0.1,0.107309, 
4.9, 0.2,0.0709185, 
4.9, 0.3,0.186417, 
4.9, 0.4,0, 
4.9, 0.5,0, 
4.9, 0.6,0, 
4.9, 0.7,0, 
4.9, 0.8,0, 
4.9, 0.9,0, 
4.9, 1,0, 
4.9, 1.1,0, 
4.9, 1.2,0, 
4.9, 1.3,0, 
4.9, 1.4,0, 
4.9, 1.5,0, 
4.9, 1.6,0, 
4.9, 1.7,0, 
4.9, 1.8,0, 
4.9, 1.9,0, 
4.9, 2,0, 
4.9, 2.1,0, 
4.9, 2.2,0, 
4.9, 2.3,0, 
4.9, 2.4,0, 
4.9, 2.5,0, 
4.9, 2.6,0, 
4.9, 2.7,0, 
4.9, 2.8,0, 
4.9, 2.9,0, 
4.9, 3,0, 
4.9, 3.1,0, 
4.9, 3.2,0, 
4.9, 3.3,0, 
4.9, 3.4,0, 
4.9, 3.5,0, 
4.9, 3.6,0, 
4.9, 3.7,0, 
4.9, 3.8,0, 
4.9, 3.9,0, 
4.9, 4,0, 
4.9, 4.1,0, 
4.9, 4.2,0, 
4.9, 4.3,0, 
4.9, 4.4,0, 
4.9, 4.5,0, 
4.9, 4.6,0, 
4.9, 4.7,0, 
4.9, 4.8,0, 
4.9, 4.9,0, 
4.9, 5,0, 
5, 0.1,0.0557941, 
5, 0.2,0, 
5, 0.3,0.0937885, 
5, 0.4,0, 
5, 0.5,0, 
5, 0.6,0, 
5, 0.7,0, 
5, 0.8,0, 
5, 0.9,0, 
5, 1,0, 
5, 1.1,0, 
5, 1.2,0, 
5, 1.3,0, 
5, 1.4,0, 
5, 1.5,0, 
5, 1.6,0, 
5, 1.7,0, 
5, 1.8,0, 
5, 1.9,0, 
5, 2,0, 
5, 2.1,0, 
5, 2.2,0, 
5, 2.3,0, 
5, 2.4,0, 
5, 2.5,0, 
5, 2.6,0, 
5, 2.7,0, 
5, 2.8,0, 
5, 2.9,0, 
5, 3,0, 
5, 3.1,0, 
5, 3.2,0, 
5, 3.3,0, 
5, 3.4,0, 
5, 3.5,0, 
5, 3.6,0, 
5, 3.7,0, 
5, 3.8,0, 
5, 3.9,0, 
5, 4,0, 
5, 4.1,0, 
5, 4.2,0, 
5, 4.3,0, 
5, 4.4,0, 
5, 4.5,0, 
5, 4.6,0, 
5, 4.7,0, 
5, 4.8,0, 
5, 4.9,0, 
5, 5,0, 
