l,T,S,
0.1, 0.1,0.100442, 
0.1, 0.2,0.147546, 
0.1, 0.3,0.14445, 
0.1, 0.4,0.156362, 
0.1, 0.5,0.165444, 
0.1, 0.6,0.0923052, 
0.1, 0.7,0.155923, 
0.1, 0.8,0.107424, 
0.1, 0.9,0.150241, 
0.1, 1,0.0837034, 
0.1, 1.1,0.129282, 
0.1, 1.2,0.132056, 
0.1, 1.3,0.123693, 
0.1, 1.4,0.115121, 
0.1, 1.5,0.106283, 
0.1, 1.6,0.17364, 
0.1, 1.7,0.0733882, 
0.1, 1.8,0.0964623, 
0.1, 1.9,0.10134, 
0.1, 2,0.119424, 
0.1, 2.1,0.0564387, 
0.1, 2.2,0.151322, 
0.1, 2.3,0.113109, 
0.1, 2.4,0.12015, 
0.1, 2.5,0.0439627, 
0.1, 2.6,0.103568, 
0.1, 2.7,0.0592923, 
0.1, 2.8,0.104901, 
0.1, 2.9,0.0342219, 
0.1, 3,0.111695, 
0.1, 3.1,0.103298, 
0.1, 3.2,0.0815217, 
0.1, 3.3,0.106043, 
0.1, 3.4,0.115395, 
0.1, 3.5,0.0716628, 
0.1, 3.6,0.0893378, 
0.1, 3.7,0.161783, 
0.1, 3.8,0.110896, 
0.1, 3.9,0.0822557, 
0.1, 4,0.077337, 
0.1, 4.1,0.050027, 
0.1, 4.2,0.118357, 
0.1, 4.3,0.0545867, 
0.1, 4.4,0.153642, 
0.1, 4.5,0.119422, 
0.1, 4.6,0.132802, 
0.1, 4.7,0, 
0.1, 4.8,0.120696, 
0.1, 4.9,0.0469206, 
0.1, 5,0.0433838, 
0.2, 0.1,0.106273, 
0.2, 0.2,0.115387, 
0.2, 0.3,0.138513, 
0.2, 0.4,0.103374, 
0.2, 0.5,0.101093, 
0.2, 0.6,0.135737, 
0.2, 0.7,0.0774409, 
0.2, 0.8,0.113193, 
0.2, 0.9,0.124836, 
0.2, 1,0.11637, 
0.2, 1.1,0.0978287, 
0.2, 1.2,0.168058, 
0.2, 1.3,0.185747, 
0.2, 1.4,0.0981897, 
0.2, 1.5,0.104437, 
0.2, 1.6,0.110333, 
0.2, 1.7,0.0453671, 
0.2, 1.8,0.0561612, 
0.2, 1.9,0.087418, 
0.2, 2,0.0428313, 
0.2, 2.1,0.0477856, 
0.2, 2.2,0.0527335, 
0.2, 2.3,0.133719, 
0.2, 2.4,0.0558166, 
0.2, 2.5,0.0765223, 
0.2, 2.6,0.231827, 
0.2, 2.7,0.0481013, 
0.2, 2.8,0.110351, 
0.2, 2.9,0.0507487, 
0.2, 3,0.06594, 
0.2, 3.1,0.089419, 
0.2, 3.2,0.0617752, 
0.2, 3.3,0.0968911, 
0.2, 3.4,0.120657, 
0.2, 3.5,0.145261, 
0.2, 3.6,0.128156, 
0.2, 3.7,0.152604, 
0.2, 3.8,0, 
0.2, 3.9,0.126474, 
0.2, 4,0.0647018, 
0.2, 4.1,0, 
0.2, 4.2,0, 
0.2, 4.3,0.0786673, 
0.2, 4.4,0.0687863, 
0.2, 4.5,0.0784407, 
0.2, 4.6,0.118168, 
0.2, 4.7,0.0817964, 
0.2, 4.8,0, 
0.2, 4.9,0.144436, 
0.2, 5,0.08614, 
0.3, 0.1,0.142687, 
0.3, 0.2,0.119294, 
0.3, 0.3,0.131836, 
0.3, 0.4,0.105851, 
0.3, 0.5,0.110477, 
0.3, 0.6,0.10638, 
0.3, 0.7,0.137212, 
0.3, 0.8,0.146969, 
0.3, 0.9,0.0820548, 
0.3, 1,0.0338842, 
0.3, 1.1,0.103361, 
0.3, 1.2,0.0833946, 
0.3, 1.3,0.0856396, 
0.3, 1.4,0, 
0.3, 1.5,0.144679, 
0.3, 1.6,0.0997459, 
0.3, 1.7,0.0508579, 
0.3, 1.8,0.0566878, 
0.3, 1.9,0.169711, 
0.3, 2,0.0464053, 
0.3, 2.1,0.0591869, 
0.3, 2.2,0.128209, 
0.3, 2.3,0, 
0.3, 2.4,0.131997, 
0.3, 2.5,0.0639577, 
0.3, 2.6,0.0461776, 
0.3, 2.7,0, 
0.3, 2.8,0.165041, 
0.3, 2.9,0.0675244, 
0.3, 3,0, 
0.3, 3.1,0.150802, 
0.3, 3.2,0, 
0.3, 3.3,0.0836028, 
0.3, 3.4,0, 
0.3, 3.5,0, 
0.3, 3.6,0, 
0.3, 3.7,0.155728, 
0.3, 3.8,0.0905254, 
0.3, 3.9,0, 
0.3, 4,0.0982029, 
0.3, 4.1,0.0834513, 
0.3, 4.2,0, 
0.3, 4.3,0, 
0.3, 4.4,0.0933839, 
0.3, 4.5,0, 
0.3, 4.6,0, 
0.3, 4.7,0, 
0.3, 4.8,0.0972911, 
0.3, 4.9,0, 
0.3, 5,0, 
0.4, 0.1,0.125815, 
0.4, 0.2,0.112662, 
0.4, 0.3,0.111496, 
0.4, 0.4,0.151845, 
0.4, 0.5,0.110531, 
0.4, 0.6,0.0820321, 
0.4, 0.7,0.201105, 
0.4, 0.8,0.181923, 
0.4, 0.9,0.160956, 
0.4, 1,0.0998208, 
0.4, 1.1,0.0480803, 
0.4, 1.2,0.0848977, 
0.4, 1.3,0.152448, 
0.4, 1.4,0.0520099, 
0.4, 1.5,0.0537466, 
0.4, 1.6,0.0652392, 
0.4, 1.7,0.0752684, 
0.4, 1.8,0, 
0.4, 1.9,0.0650178, 
0.4, 2,0.067487, 
0.4, 2.1,0.0744764, 
0.4, 2.2,0.0571085, 
0.4, 2.3,0.0824198, 
0.4, 2.4,0, 
0.4, 2.5,0, 
0.4, 2.6,0.0784875, 
0.4, 2.7,0, 
0.4, 2.8,0, 
0.4, 2.9,0, 
0.4, 3,0, 
0.4, 3.1,0.0872943, 
0.4, 3.2,0.185947, 
0.4, 3.3,0.0977156, 
0.4, 3.4,0, 
0.4, 3.5,0, 
0.4, 3.6,0, 
0.4, 3.7,0.109733, 
0.4, 3.8,0, 
0.4, 3.9,0, 
0.4, 4,0.103114, 
0.4, 4.1,0, 
0.4, 4.2,0, 
0.4, 4.3,0.102121, 
0.4, 4.4,0.105206, 
0.4, 4.5,0, 
0.4, 4.6,0, 
0.4, 4.7,0, 
0.4, 4.8,0, 
0.4, 4.9,0, 
0.4, 5,0.123639, 
0.5, 0.1,0.110017, 
0.5, 0.2,0.137288, 
0.5, 0.3,0.113569, 
0.5, 0.4,0.0671897, 
0.5, 0.5,0.119657, 
0.5, 0.6,0.0263232, 
0.5, 0.7,0.101626, 
0.5, 0.8,0.0448316, 
0.5, 0.9,0.162239, 
0.5, 1,0.155856, 
0.5, 1.1,0.0595255, 
0.5, 1.2,0.108812, 
0.5, 1.3,0.0594483, 
0.5, 1.4,0, 
0.5, 1.5,0.0586699, 
0.5, 1.6,0.0651933, 
0.5, 1.7,0.133482, 
0.5, 1.8,0.0811805, 
0.5, 1.9,0.0904414, 
0.5, 2,0.0912966, 
0.5, 2.1,0.0716819, 
0.5, 2.2,0.077127, 
0.5, 2.3,0.223437, 
0.5, 2.4,0, 
0.5, 2.5,0.0876227, 
0.5, 2.6,0, 
0.5, 2.7,0.0953873, 
0.5, 2.8,0, 
0.5, 2.9,0, 
0.5, 3,0, 
0.5, 3.1,0, 
0.5, 3.2,0, 
0.5, 3.3,0, 
0.5, 3.4,0, 
0.5, 3.5,0.0965381, 
0.5, 3.6,0, 
0.5, 3.7,0.113154, 
0.5, 3.8,0, 
0.5, 3.9,0, 
0.5, 4,0.121065, 
0.5, 4.1,0, 
0.5, 4.2,0, 
0.5, 4.3,0, 
0.5, 4.4,0, 
0.5, 4.5,0, 
0.5, 4.6,0, 
0.5, 4.7,0, 
0.5, 4.8,0, 
0.5, 4.9,0, 
0.5, 5,0, 
0.6, 0.1,0.154263, 
0.6, 0.2,0.0694161, 
0.6, 0.3,0.060316, 
0.6, 0.4,0.0847108, 
0.6, 0.5,0.074894, 
0.6, 0.6,0.130716, 
0.6, 0.7,0, 
0.6, 0.8,0, 
0.6, 0.9,0.14429, 
0.6, 1,0.109291, 
0.6, 1.1,0.113333, 
0.6, 1.2,0.0660169, 
0.6, 1.3,0.0764495, 
0.6, 1.4,0.0653332, 
0.6, 1.5,0, 
0.6, 1.6,0.0747885, 
0.6, 1.7,0, 
0.6, 1.8,0.0761694, 
0.6, 1.9,0, 
0.6, 2,0.0927081, 
0.6, 2.1,0, 
0.6, 2.2,0, 
0.6, 2.3,0.0891437, 
0.6, 2.4,0, 
0.6, 2.5,0.108033, 
0.6, 2.6,0, 
0.6, 2.7,0.10549, 
0.6, 2.8,0, 
0.6, 2.9,0, 
0.6, 3,0, 
0.6, 3.1,0.119589, 
0.6, 3.2,0, 
0.6, 3.3,0.109058, 
0.6, 3.4,0, 
0.6, 3.5,0, 
0.6, 3.6,0.116318, 
0.6, 3.7,0, 
0.6, 3.8,0.112344, 
0.6, 3.9,0.14396, 
0.6, 4,0, 
0.6, 4.1,0, 
0.6, 4.2,0, 
0.6, 4.3,0, 
0.6, 4.4,0, 
0.6, 4.5,0.127764, 
0.6, 4.6,0, 
0.6, 4.7,0, 
0.6, 4.8,0, 
0.6, 4.9,0.136234, 
0.6, 5,0, 
0.7, 0.1,0.127836, 
0.7, 0.2,0.0987777, 
0.7, 0.3,0.104604, 
0.7, 0.4,0.0822369, 
0.7, 0.5,0.0930756, 
0.7, 0.6,0.0864669, 
0.7, 0.7,0.0897769, 
0.7, 0.8,0.137799, 
0.7, 0.9,0.0623355, 
0.7, 1,0.0696045, 
0.7, 1.1,0.0603398, 
0.7, 1.2,0.116269, 
0.7, 1.3,0.0809024, 
0.7, 1.4,0.0701608, 
0.7, 1.5,0.0765057, 
0.7, 1.6,0, 
0.7, 1.7,0.137499, 
0.7, 1.8,0.0994942, 
0.7, 1.9,0, 
0.7, 2,0.091741, 
0.7, 2.1,0.102984, 
0.7, 2.2,0.09292, 
0.7, 2.3,0, 
0.7, 2.4,0, 
0.7, 2.5,0, 
0.7, 2.6,0, 
0.7, 2.7,0, 
0.7, 2.8,0, 
0.7, 2.9,0, 
0.7, 3,0, 
0.7, 3.1,0, 
0.7, 3.2,0.126854, 
0.7, 3.3,0.225849, 
0.7, 3.4,0, 
0.7, 3.5,0, 
0.7, 3.6,0, 
0.7, 3.7,0, 
0.7, 3.8,0, 
0.7, 3.9,0, 
0.7, 4,0, 
0.7, 4.1,0, 
0.7, 4.2,0, 
0.7, 4.3,0, 
0.7, 4.4,0, 
0.7, 4.5,0, 
0.7, 4.6,0, 
0.7, 4.7,0, 
0.7, 4.8,0, 
0.7, 4.9,0, 
0.7, 5,0, 
0.8, 0.1,0.115825, 
0.8, 0.2,0.116238, 
0.8, 0.3,0.12111, 
0.8, 0.4,0.109459, 
0.8, 0.5,0.0872446, 
0.8, 0.6,0.100615, 
0.8, 0.7,0, 
0.8, 0.8,0.0599259, 
0.8, 0.9,0.0666205, 
0.8, 1,0.176579, 
0.8, 1.1,0.135432, 
0.8, 1.2,0, 
0.8, 1.3,0.0727573, 
0.8, 1.4,0, 
0.8, 1.5,0, 
0.8, 1.6,0.0964712, 
0.8, 1.7,0.0927946, 
0.8, 1.8,0.0982035, 
0.8, 1.9,0, 
0.8, 2,0.105043, 
0.8, 2.1,0.201779, 
0.8, 2.2,0, 
0.8, 2.3,0, 
0.8, 2.4,0, 
0.8, 2.5,0, 
0.8, 2.6,0.104557, 
0.8, 2.7,0, 
0.8, 2.8,0, 
0.8, 2.9,0, 
0.8, 3,0.129327, 
0.8, 3.1,0.12946, 
0.8, 3.2,0, 
0.8, 3.3,0.132523, 
0.8, 3.4,0, 
0.8, 3.5,0, 
0.8, 3.6,0, 
0.8, 3.7,0, 
0.8, 3.8,0, 
0.8, 3.9,0, 
0.8, 4,0, 
0.8, 4.1,0, 
0.8, 4.2,0, 
0.8, 4.3,0, 
0.8, 4.4,0, 
0.8, 4.5,0, 
0.8, 4.6,0, 
0.8, 4.7,0, 
0.8, 4.8,0, 
0.8, 4.9,0, 
0.8, 5,0, 
0.9, 0.1,0.133992, 
0.9, 0.2,0.155046, 
0.9, 0.3,0.0673794, 
0.9, 0.4,0.129549, 
0.9, 0.5,0.0933261, 
0.9, 0.6,0.050472, 
0.9, 0.7,0.0534725, 
0.9, 0.8,0.0617585, 
0.9, 0.9,0.0753292, 
0.9, 1,0.102525, 
0.9, 1.1,0, 
0.9, 1.2,0.0779741, 
0.9, 1.3,0.0834186, 
0.9, 1.4,0, 
0.9, 1.5,0, 
0.9, 1.6,0.0999255, 
0.9, 1.7,0, 
0.9, 1.8,0, 
0.9, 1.9,0.11563, 
0.9, 2,0, 
0.9, 2.1,0, 
0.9, 2.2,0.106323, 
0.9, 2.3,0, 
0.9, 2.4,0, 
0.9, 2.5,0, 
0.9, 2.6,0, 
0.9, 2.7,0, 
0.9, 2.8,0.129846, 
0.9, 2.9,0, 
0.9, 3,0, 
0.9, 3.1,0, 
0.9, 3.2,0, 
0.9, 3.3,0, 
0.9, 3.4,0, 
0.9, 3.5,0, 
0.9, 3.6,0, 
0.9, 3.7,0, 
0.9, 3.8,0, 
0.9, 3.9,0, 
0.9, 4,0, 
0.9, 4.1,0, 
0.9, 4.2,0, 
0.9, 4.3,0, 
0.9, 4.4,0, 
0.9, 4.5,0, 
0.9, 4.6,0, 
0.9, 4.7,0, 
0.9, 4.8,0, 
0.9, 4.9,0, 
0.9, 5,0, 
1, 0.1,0.0869903, 
1, 0.2,0.158813, 
1, 0.3,0.0880772, 
1, 0.4,0.0838235, 
1, 0.5,0.055992, 
1, 0.6,0.0610902, 
1, 0.7,0.173214, 
1, 0.8,0, 
1, 0.9,0.0667226, 
1, 1,0, 
1, 1.1,0.088617, 
1, 1.2,0.0871599, 
1, 1.3,0.088849, 
1, 1.4,0.0993833, 
1, 1.5,0.09884, 
1, 1.6,0, 
1, 1.7,0, 
1, 1.8,0.12101, 
1, 1.9,0, 
1, 2,0, 
1, 2.1,0, 
1, 2.2,0, 
1, 2.3,0, 
1, 2.4,0, 
1, 2.5,0, 
1, 2.6,0.127551, 
1, 2.7,0, 
1, 2.8,0, 
1, 2.9,0, 
1, 3,0.163145, 
1, 3.1,0, 
1, 3.2,0, 
1, 3.3,0, 
1, 3.4,0, 
1, 3.5,0, 
1, 3.6,0, 
1, 3.7,0, 
1, 3.8,0, 
1, 3.9,0, 
1, 4,0, 
1, 4.1,0, 
1, 4.2,0, 
1, 4.3,0, 
1, 4.4,0.168211, 
1, 4.5,0, 
1, 4.6,0, 
1, 4.7,0, 
1, 4.8,0, 
1, 4.9,0, 
1, 5,0, 
1.1, 0.1,0.122077, 
1.1, 0.2,0.119069, 
1.1, 0.3,0.0978066, 
1.1, 0.4,0.154378, 
1.1, 0.5,0.0581418, 
1.1, 0.6,0.0581326, 
1.1, 0.7,0.136391, 
1.1, 0.8,0, 
1.1, 0.9,0, 
1.1, 1,0, 
1.1, 1.1,0, 
1.1, 1.2,0.0919759, 
1.1, 1.3,0.101163, 
1.1, 1.4,0, 
1.1, 1.5,0, 
1.1, 1.6,0, 
1.1, 1.7,0, 
1.1, 1.8,0, 
1.1, 1.9,0, 
1.1, 2,0, 
1.1, 2.1,0, 
1.1, 2.2,0, 
1.1, 2.3,0, 
1.1, 2.4,0, 
1.1, 2.5,0, 
1.1, 2.6,0, 
1.1, 2.7,0, 
1.1, 2.8,0, 
1.1, 2.9,0, 
1.1, 3,0, 
1.1, 3.1,0, 
1.1, 3.2,0, 
1.1, 3.3,0, 
1.1, 3.4,0, 
1.1, 3.5,0, 
1.1, 3.6,0, 
1.1, 3.7,0, 
1.1, 3.8,0, 
1.1, 3.9,0, 
1.1, 4,0, 
1.1, 4.1,0, 
1.1, 4.2,0, 
1.1, 4.3,0, 
1.1, 4.4,0, 
1.1, 4.5,0, 
1.1, 4.6,0, 
1.1, 4.7,0, 
1.1, 4.8,0, 
1.1, 4.9,0, 
1.1, 5,0.181754, 
1.2, 0.1,0.0926401, 
1.2, 0.2,0.0340405, 
1.2, 0.3,0.165282, 
1.2, 0.4,0.0991636, 
1.2, 0.5,0, 
1.2, 0.6,0, 
1.2, 0.7,0.0821253, 
1.2, 0.8,0.0729855, 
1.2, 0.9,0, 
1.2, 1,0.164416, 
1.2, 1.1,0.0960703, 
1.2, 1.2,0.0946569, 
1.2, 1.3,0, 
1.2, 1.4,0.100811, 
1.2, 1.5,0, 
1.2, 1.6,0, 
1.2, 1.7,0.108942, 
1.2, 1.8,0, 
1.2, 1.9,0, 
1.2, 2,0, 
1.2, 2.1,0.137404, 
1.2, 2.2,0, 
1.2, 2.3,0.134617, 
1.2, 2.4,0.136073, 
1.2, 2.5,0, 
1.2, 2.6,0.145137, 
1.2, 2.7,0, 
1.2, 2.8,0, 
1.2, 2.9,0, 
1.2, 3,0, 
1.2, 3.1,0, 
1.2, 3.2,0, 
1.2, 3.3,0, 
1.2, 3.4,0, 
1.2, 3.5,0, 
1.2, 3.6,0, 
1.2, 3.7,0, 
1.2, 3.8,0, 
1.2, 3.9,0, 
1.2, 4,0, 
1.2, 4.1,0, 
1.2, 4.2,0, 
1.2, 4.3,0.171083, 
1.2, 4.4,0, 
1.2, 4.5,0, 
1.2, 4.6,0, 
1.2, 4.7,0, 
1.2, 4.8,0, 
1.2, 4.9,0, 
1.2, 5,0, 
1.3, 0.1,0.14147, 
1.3, 0.2,0.109647, 
1.3, 0.3,0.163992, 
1.3, 0.4,0.0977103, 
1.3, 0.5,0, 
1.3, 0.6,0, 
1.3, 0.7,0.119433, 
1.3, 0.8,0, 
1.3, 0.9,0, 
1.3, 1,0, 
1.3, 1.1,0.0893658, 
1.3, 1.2,0, 
1.3, 1.3,0, 
1.3, 1.4,0, 
1.3, 1.5,0.116326, 
1.3, 1.6,0, 
1.3, 1.7,0, 
1.3, 1.8,0, 
1.3, 1.9,0, 
1.3, 2,0, 
1.3, 2.1,0, 
1.3, 2.2,0, 
1.3, 2.3,0.139966, 
1.3, 2.4,0, 
1.3, 2.5,0, 
1.3, 2.6,0, 
1.3, 2.7,0, 
1.3, 2.8,0, 
1.3, 2.9,0, 
1.3, 3,0, 
1.3, 3.1,0, 
1.3, 3.2,0, 
1.3, 3.3,0, 
1.3, 3.4,0, 
1.3, 3.5,0, 
1.3, 3.6,0, 
1.3, 3.7,0, 
1.3, 3.8,0, 
1.3, 3.9,0, 
1.3, 4,0, 
1.3, 4.1,0, 
1.3, 4.2,0, 
1.3, 4.3,0, 
1.3, 4.4,0, 
1.3, 4.5,0, 
1.3, 4.6,0, 
1.3, 4.7,0, 
1.3, 4.8,0, 
1.3, 4.9,0, 
1.3, 5,0, 
1.4, 0.1,0.0830259, 
1.4, 0.2,0.097985, 
1.4, 0.3,0.135203, 
1.4, 0.4,0.0574834, 
1.4, 0.5,0.114462, 
1.4, 0.6,0.0724965, 
1.4, 0.7,0.0772161, 
1.4, 0.8,0.0829163, 
1.4, 0.9,0, 
1.4, 1,0, 
1.4, 1.1,0, 
1.4, 1.2,0, 
1.4, 1.3,0, 
1.4, 1.4,0.116662, 
1.4, 1.5,0, 
1.4, 1.6,0, 
1.4, 1.7,0, 
1.4, 1.8,0, 
1.4, 1.9,0.132518, 
1.4, 2,0, 
1.4, 2.1,0.12854, 
1.4, 2.2,0, 
1.4, 2.3,0, 
1.4, 2.4,0, 
1.4, 2.5,0, 
1.4, 2.6,0, 
1.4, 2.7,0, 
1.4, 2.8,0, 
1.4, 2.9,0, 
1.4, 3,0, 
1.4, 3.1,0, 
1.4, 3.2,0, 
1.4, 3.3,0, 
1.4, 3.4,0, 
1.4, 3.5,0, 
1.4, 3.6,0, 
1.4, 3.7,0, 
1.4, 3.8,0, 
1.4, 3.9,0, 
1.4, 4,0, 
1.4, 4.1,0, 
1.4, 4.2,0, 
1.4, 4.3,0, 
1.4, 4.4,0, 
1.4, 4.5,0, 
1.4, 4.6,0, 
1.4, 4.7,0, 
1.4, 4.8,0, 
1.4, 4.9,0, 
1.4, 5,0, 
1.5, 0.1,0.0903626, 
1.5, 0.2,0.0763588, 
1.5, 0.3,0.162886, 
1.5, 0.4,0.204244, 
1.5, 0.5,0.0672226, 
1.5, 0.6,0.0636688, 
1.5, 0.7,0.0743937, 
1.5, 0.8,0, 
1.5, 0.9,0, 
1.5, 1,0.093444, 
1.5, 1.1,0.103109, 
1.5, 1.2,0, 
1.5, 1.3,0, 
1.5, 1.4,0, 
1.5, 1.5,0, 
1.5, 1.6,0, 
1.5, 1.7,0, 
1.5, 1.8,0, 
1.5, 1.9,0, 
1.5, 2,0, 
1.5, 2.1,0, 
1.5, 2.2,0, 
1.5, 2.3,0, 
1.5, 2.4,0, 
1.5, 2.5,0.164245, 
1.5, 2.6,0, 
1.5, 2.7,0, 
1.5, 2.8,0, 
1.5, 2.9,0, 
1.5, 3,0, 
1.5, 3.1,0, 
1.5, 3.2,0, 
1.5, 3.3,0, 
1.5, 3.4,0, 
1.5, 3.5,0, 
1.5, 3.6,0, 
1.5, 3.7,0, 
1.5, 3.8,0, 
1.5, 3.9,0, 
1.5, 4,0, 
1.5, 4.1,0, 
1.5, 4.2,0, 
1.5, 4.3,0, 
1.5, 4.4,0, 
1.5, 4.5,0, 
1.5, 4.6,0, 
1.5, 4.7,0, 
1.5, 4.8,0, 
1.5, 4.9,0, 
1.5, 5,0, 
1.6, 0.1,0.0959414, 
1.6, 0.2,0.143134, 
1.6, 0.3,0.0564287, 
1.6, 0.4,0.0547515, 
1.6, 0.5,0.130489, 
1.6, 0.6,0.0645213, 
1.6, 0.7,0.0918622, 
1.6, 0.8,0.0905721, 
1.6, 0.9,0, 
1.6, 1,0, 
1.6, 1.1,0, 
1.6, 1.2,0, 
1.6, 1.3,0.120008, 
1.6, 1.4,0.104426, 
1.6, 1.5,0, 
1.6, 1.6,0, 
1.6, 1.7,0.155401, 
1.6, 1.8,0, 
1.6, 1.9,0, 
1.6, 2,0, 
1.6, 2.1,0, 
1.6, 2.2,0, 
1.6, 2.3,0, 
1.6, 2.4,0, 
1.6, 2.5,0, 
1.6, 2.6,0, 
1.6, 2.7,0, 
1.6, 2.8,0, 
1.6, 2.9,0, 
1.6, 3,0, 
1.6, 3.1,0, 
1.6, 3.2,0, 
1.6, 3.3,0, 
1.6, 3.4,0, 
1.6, 3.5,0.182513, 
1.6, 3.6,0, 
1.6, 3.7,0, 
1.6, 3.8,0, 
1.6, 3.9,0, 
1.6, 4,0, 
1.6, 4.1,0, 
1.6, 4.2,0, 
1.6, 4.3,0, 
1.6, 4.4,0, 
1.6, 4.5,0, 
1.6, 4.6,0, 
1.6, 4.7,0, 
1.6, 4.8,0, 
1.6, 4.9,0, 
1.6, 5,0, 
1.7, 0.1,0.0983649, 
1.7, 0.2,0.0399898, 
1.7, 0.3,0.0918502, 
1.7, 0.4,0.120727, 
1.7, 0.5,0, 
1.7, 0.6,0, 
1.7, 0.7,0.0815486, 
1.7, 0.8,0, 
1.7, 0.9,0, 
1.7, 1,0.106759, 
1.7, 1.1,0.122545, 
1.7, 1.2,0, 
1.7, 1.3,0, 
1.7, 1.4,0, 
1.7, 1.5,0.133961, 
1.7, 1.6,0, 
1.7, 1.7,0, 
1.7, 1.8,0, 
1.7, 1.9,0, 
1.7, 2,0, 
1.7, 2.1,0, 
1.7, 2.2,0, 
1.7, 2.3,0, 
1.7, 2.4,0, 
1.7, 2.5,0, 
1.7, 2.6,0, 
1.7, 2.7,0, 
1.7, 2.8,0, 
1.7, 2.9,0, 
1.7, 3,0, 
1.7, 3.1,0, 
1.7, 3.2,0, 
1.7, 3.3,0, 
1.7, 3.4,0, 
1.7, 3.5,0, 
1.7, 3.6,0, 
1.7, 3.7,0, 
1.7, 3.8,0, 
1.7, 3.9,0, 
1.7, 4,0, 
1.7, 4.1,0, 
1.7, 4.2,0, 
1.7, 4.3,0, 
1.7, 4.4,0, 
1.7, 4.5,0, 
1.7, 4.6,0, 
1.7, 4.7,0, 
1.7, 4.8,0, 
1.7, 4.9,0, 
1.7, 5,0, 
1.8, 0.1,0.12516, 
1.8, 0.2,0.159753, 
1.8, 0.3,0, 
1.8, 0.4,0.116514, 
1.8, 0.5,0.0727718, 
1.8, 0.6,0.171303, 
1.8, 0.7,0.0989499, 
1.8, 0.8,0, 
1.8, 0.9,0.106385, 
1.8, 1,0, 
1.8, 1.1,0, 
1.8, 1.2,0, 
1.8, 1.3,0, 
1.8, 1.4,0, 
1.8, 1.5,0, 
1.8, 1.6,0, 
1.8, 1.7,0, 
1.8, 1.8,0, 
1.8, 1.9,0, 
1.8, 2,0, 
1.8, 2.1,0, 
1.8, 2.2,0, 
1.8, 2.3,0, 
1.8, 2.4,0, 
1.8, 2.5,0, 
1.8, 2.6,0, 
1.8, 2.7,0, 
1.8, 2.8,0, 
1.8, 2.9,0, 
1.8, 3,0, 
1.8, 3.1,0, 
1.8, 3.2,0, 
1.8, 3.3,0, 
1.8, 3.4,0, 
1.8, 3.5,0, 
1.8, 3.6,0, 
1.8, 3.7,0, 
1.8, 3.8,0, 
1.8, 3.9,0, 
1.8, 4,0, 
1.8, 4.1,0, 
1.8, 4.2,0, 
1.8, 4.3,0, 
1.8, 4.4,0, 
1.8, 4.5,0, 
1.8, 4.6,0, 
1.8, 4.7,0, 
1.8, 4.8,0, 
1.8, 4.9,0, 
1.8, 5,0, 
1.9, 0.1,0.133291, 
1.9, 0.2,0.0924889, 
1.9, 0.3,0.100364, 
1.9, 0.4,0.0715979, 
1.9, 0.5,0, 
1.9, 0.6,0.090508, 
1.9, 0.7,0, 
1.9, 0.8,0, 
1.9, 0.9,0.111198, 
1.9, 1,0, 
1.9, 1.1,0, 
1.9, 1.2,0.121597, 
1.9, 1.3,0, 
1.9, 1.4,0, 
1.9, 1.5,0, 
1.9, 1.6,0, 
1.9, 1.7,0, 
1.9, 1.8,0, 
1.9, 1.9,0, 
1.9, 2,0, 
1.9, 2.1,0, 
1.9, 2.2,0, 
1.9, 2.3,0, 
1.9, 2.4,0, 
1.9, 2.5,0, 
1.9, 2.6,0, 
1.9, 2.7,0, 
1.9, 2.8,0, 
1.9, 2.9,0, 
1.9, 3,0, 
1.9, 3.1,0, 
1.9, 3.2,0, 
1.9, 3.3,0, 
1.9, 3.4,0, 
1.9, 3.5,0, 
1.9, 3.6,0, 
1.9, 3.7,0, 
1.9, 3.8,0, 
1.9, 3.9,0, 
1.9, 4,0, 
1.9, 4.1,0, 
1.9, 4.2,0, 
1.9, 4.3,0, 
1.9, 4.4,0, 
1.9, 4.5,0, 
1.9, 4.6,0, 
1.9, 4.7,0, 
1.9, 4.8,0, 
1.9, 4.9,0, 
1.9, 5,0, 
2, 0.1,0.07368, 
2, 0.2,0.19487, 
2, 0.3,0.0581564, 
2, 0.4,0.0571901, 
2, 0.5,0.14248, 
2, 0.6,0, 
2, 0.7,0, 
2, 0.8,0, 
2, 0.9,0.115223, 
2, 1,0, 
2, 1.1,0.102221, 
2, 1.2,0, 
2, 1.3,0, 
2, 1.4,0, 
2, 1.5,0, 
2, 1.6,0, 
2, 1.7,0, 
2, 1.8,0, 
2, 1.9,0, 
2, 2,0, 
2, 2.1,0, 
2, 2.2,0, 
2, 2.3,0, 
2, 2.4,0, 
2, 2.5,0, 
2, 2.6,0, 
2, 2.7,0, 
2, 2.8,0, 
2, 2.9,0, 
2, 3,0, 
2, 3.1,0, 
2, 3.2,0, 
2, 3.3,0, 
2, 3.4,0, 
2, 3.5,0, 
2, 3.6,0, 
2, 3.7,0, 
2, 3.8,0, 
2, 3.9,0, 
2, 4,0, 
2, 4.1,0, 
2, 4.2,0, 
2, 4.3,0, 
2, 4.4,0, 
2, 4.5,0, 
2, 4.6,0, 
2, 4.7,0, 
2, 4.8,0, 
2, 4.9,0, 
2, 5,0, 
2.1, 0.1,0.110366, 
2.1, 0.2,0.0450379, 
2.1, 0.3,0.114441, 
2.1, 0.4,0.0753678, 
2.1, 0.5,0.149563, 
2.1, 0.6,0, 
2.1, 0.7,0, 
2.1, 0.8,0, 
2.1, 0.9,0, 
2.1, 1,0, 
2.1, 1.1,0, 
2.1, 1.2,0.13503, 
2.1, 1.3,0, 
2.1, 1.4,0, 
2.1, 1.5,0, 
2.1, 1.6,0, 
2.1, 1.7,0, 
2.1, 1.8,0, 
2.1, 1.9,0, 
2.1, 2,0, 
2.1, 2.1,0, 
2.1, 2.2,0, 
2.1, 2.3,0, 
2.1, 2.4,0, 
2.1, 2.5,0, 
2.1, 2.6,0, 
2.1, 2.7,0, 
2.1, 2.8,0, 
2.1, 2.9,0, 
2.1, 3,0, 
2.1, 3.1,0, 
2.1, 3.2,0, 
2.1, 3.3,0, 
2.1, 3.4,0, 
2.1, 3.5,0, 
2.1, 3.6,0, 
2.1, 3.7,0, 
2.1, 3.8,0, 
2.1, 3.9,0, 
2.1, 4,0, 
2.1, 4.1,0, 
2.1, 4.2,0, 
2.1, 4.3,0, 
2.1, 4.4,0, 
2.1, 4.5,0, 
2.1, 4.6,0, 
2.1, 4.7,0, 
2.1, 4.8,0, 
2.1, 4.9,0, 
2.1, 5,0, 
2.2, 0.1,0.112988, 
2.2, 0.2,0.0802675, 
2.2, 0.3,0.0500571, 
2.2, 0.4,0, 
2.2, 0.5,0, 
2.2, 0.6,0, 
2.2, 0.7,0, 
2.2, 0.8,0, 
2.2, 0.9,0, 
2.2, 1,0.111253, 
2.2, 1.1,0, 
2.2, 1.2,0, 
2.2, 1.3,0.128343, 
2.2, 1.4,0.151428, 
2.2, 1.5,0, 
2.2, 1.6,0, 
2.2, 1.7,0.130888, 
2.2, 1.8,0, 
2.2, 1.9,0, 
2.2, 2,0, 
2.2, 2.1,0, 
2.2, 2.2,0, 
2.2, 2.3,0, 
2.2, 2.4,0, 
2.2, 2.5,0, 
2.2, 2.6,0, 
2.2, 2.7,0, 
2.2, 2.8,0, 
2.2, 2.9,0, 
2.2, 3,0, 
2.2, 3.1,0, 
2.2, 3.2,0, 
2.2, 3.3,0, 
2.2, 3.4,0, 
2.2, 3.5,0, 
2.2, 3.6,0, 
2.2, 3.7,0, 
2.2, 3.8,0, 
2.2, 3.9,0, 
2.2, 4,0, 
2.2, 4.1,0, 
2.2, 4.2,0, 
2.2, 4.3,0, 
2.2, 4.4,0, 
2.2, 4.5,0, 
2.2, 4.6,0, 
2.2, 4.7,0, 
2.2, 4.8,0, 
2.2, 4.9,0, 
2.2, 5,0, 
2.3, 0.1,0.144762, 
2.3, 0.2,0.101362, 
2.3, 0.3,0.0680978, 
2.3, 0.4,0.147837, 
2.3, 0.5,0.0769993, 
2.3, 0.6,0.0963774, 
2.3, 0.7,0.10219, 
2.3, 0.8,0, 
2.3, 0.9,0.124171, 
2.3, 1,0, 
2.3, 1.1,0.140305, 
2.3, 1.2,0, 
2.3, 1.3,0, 
2.3, 1.4,0, 
2.3, 1.5,0, 
2.3, 1.6,0, 
2.3, 1.7,0, 
2.3, 1.8,0, 
2.3, 1.9,0, 
2.3, 2,0, 
2.3, 2.1,0, 
2.3, 2.2,0, 
2.3, 2.3,0, 
2.3, 2.4,0, 
2.3, 2.5,0, 
2.3, 2.6,0, 
2.3, 2.7,0, 
2.3, 2.8,0, 
2.3, 2.9,0.195745, 
2.3, 3,0, 
2.3, 3.1,0, 
2.3, 3.2,0, 
2.3, 3.3,0, 
2.3, 3.4,0, 
2.3, 3.5,0, 
2.3, 3.6,0, 
2.3, 3.7,0, 
2.3, 3.8,0, 
2.3, 3.9,0, 
2.3, 4,0, 
2.3, 4.1,0, 
2.3, 4.2,0, 
2.3, 4.3,0, 
2.3, 4.4,0, 
2.3, 4.5,0, 
2.3, 4.6,0, 
2.3, 4.7,0, 
2.3, 4.8,0, 
2.3, 4.9,0, 
2.3, 5,0, 
2.4, 0.1,0.168012, 
2.4, 0.2,0.0986441, 
2.4, 0.3,0, 
2.4, 0.4,0, 
2.4, 0.5,0, 
2.4, 0.6,0, 
2.4, 0.7,0, 
2.4, 0.8,0, 
2.4, 0.9,0, 
2.4, 1,0, 
2.4, 1.1,0, 
2.4, 1.2,0.126453, 
2.4, 1.3,0, 
2.4, 1.4,0, 
2.4, 1.5,0, 
2.4, 1.6,0, 
2.4, 1.7,0, 
2.4, 1.8,0, 
2.4, 1.9,0, 
2.4, 2,0, 
2.4, 2.1,0, 
2.4, 2.2,0.168005, 
2.4, 2.3,0, 
2.4, 2.4,0, 
2.4, 2.5,0, 
2.4, 2.6,0, 
2.4, 2.7,0, 
2.4, 2.8,0, 
2.4, 2.9,0, 
2.4, 3,0, 
2.4, 3.1,0, 
2.4, 3.2,0, 
2.4, 3.3,0, 
2.4, 3.4,0, 
2.4, 3.5,0, 
2.4, 3.6,0, 
2.4, 3.7,0, 
2.4, 3.8,0, 
2.4, 3.9,0, 
2.4, 4,0, 
2.4, 4.1,0, 
2.4, 4.2,0, 
2.4, 4.3,0, 
2.4, 4.4,0, 
2.4, 4.5,0, 
2.4, 4.6,0, 
2.4, 4.7,0, 
2.4, 4.8,0, 
2.4, 4.9,0, 
2.4, 5,0, 
2.5, 0.1,0.106259, 
2.5, 0.2,0, 
2.5, 0.3,0.0663427, 
2.5, 0.4,0.152132, 
2.5, 0.5,0.0942046, 
2.5, 0.6,0.097818, 
2.5, 0.7,0.100791, 
2.5, 0.8,0, 
2.5, 0.9,0.129888, 
2.5, 1,0, 
2.5, 1.1,0, 
2.5, 1.2,0, 
2.5, 1.3,0, 
2.5, 1.4,0, 
2.5, 1.5,0, 
2.5, 1.6,0, 
2.5, 1.7,0, 
2.5, 1.8,0, 
2.5, 1.9,0, 
2.5, 2,0, 
2.5, 2.1,0, 
2.5, 2.2,0, 
2.5, 2.3,0, 
2.5, 2.4,0, 
2.5, 2.5,0, 
2.5, 2.6,0, 
2.5, 2.7,0, 
2.5, 2.8,0, 
2.5, 2.9,0, 
2.5, 3,0, 
2.5, 3.1,0, 
2.5, 3.2,0, 
2.5, 3.3,0, 
2.5, 3.4,0, 
2.5, 3.5,0, 
2.5, 3.6,0, 
2.5, 3.7,0, 
2.5, 3.8,0, 
2.5, 3.9,0, 
2.5, 4,0, 
2.5, 4.1,0, 
2.5, 4.2,0, 
2.5, 4.3,0, 
2.5, 4.4,0, 
2.5, 4.5,0, 
2.5, 4.6,0, 
2.5, 4.7,0, 
2.5, 4.8,0, 
2.5, 4.9,0, 
2.5, 5,0, 
2.6, 0.1,0.0919508, 
2.6, 0.2,0.050023, 
2.6, 0.3,0.078933, 
2.6, 0.4,0.0861463, 
2.6, 0.5,0.167768, 
2.6, 0.6,0, 
2.6, 0.7,0, 
2.6, 0.8,0.104573, 
2.6, 0.9,0.121807, 
2.6, 1,0.144494, 
2.6, 1.1,0, 
2.6, 1.2,0.145052, 
2.6, 1.3,0, 
2.6, 1.4,0, 
2.6, 1.5,0, 
2.6, 1.6,0, 
2.6, 1.7,0, 
2.6, 1.8,0, 
2.6, 1.9,0, 
2.6, 2,0, 
2.6, 2.1,0, 
2.6, 2.2,0, 
2.6, 2.3,0, 
2.6, 2.4,0, 
2.6, 2.5,0, 
2.6, 2.6,0, 
2.6, 2.7,0, 
2.6, 2.8,0, 
2.6, 2.9,0, 
2.6, 3,0, 
2.6, 3.1,0, 
2.6, 3.2,0, 
2.6, 3.3,0, 
2.6, 3.4,0, 
2.6, 3.5,0, 
2.6, 3.6,0, 
2.6, 3.7,0, 
2.6, 3.8,0, 
2.6, 3.9,0, 
2.6, 4,0, 
2.6, 4.1,0, 
2.6, 4.2,0, 
2.6, 4.3,0, 
2.6, 4.4,0, 
2.6, 4.5,0, 
2.6, 4.6,0, 
2.6, 4.7,0, 
2.6, 4.8,0, 
2.6, 4.9,0, 
2.6, 5,0, 
2.7, 0.1,0.102675, 
2.7, 0.2,0.0432784, 
2.7, 0.3,0, 
2.7, 0.4,0.0887513, 
2.7, 0.5,0.095622, 
2.7, 0.6,0.0997864, 
2.7, 0.7,0, 
2.7, 0.8,0, 
2.7, 0.9,0, 
2.7, 1,0, 
2.7, 1.1,0, 
2.7, 1.2,0, 
2.7, 1.3,0.148652, 
2.7, 1.4,0, 
2.7, 1.5,0, 
2.7, 1.6,0, 
2.7, 1.7,0, 
2.7, 1.8,0, 
2.7, 1.9,0, 
2.7, 2,0, 
2.7, 2.1,0, 
2.7, 2.2,0, 
2.7, 2.3,0, 
2.7, 2.4,0, 
2.7, 2.5,0, 
2.7, 2.6,0, 
2.7, 2.7,0, 
2.7, 2.8,0, 
2.7, 2.9,0, 
2.7, 3,0, 
2.7, 3.1,0, 
2.7, 3.2,0, 
2.7, 3.3,0, 
2.7, 3.4,0, 
2.7, 3.5,0, 
2.7, 3.6,0, 
2.7, 3.7,0, 
2.7, 3.8,0, 
2.7, 3.9,0, 
2.7, 4,0, 
2.7, 4.1,0, 
2.7, 4.2,0, 
2.7, 4.3,0, 
2.7, 4.4,0, 
2.7, 4.5,0, 
2.7, 4.6,0, 
2.7, 4.7,0, 
2.7, 4.8,0, 
2.7, 4.9,0, 
2.7, 5,0, 
2.8, 0.1,0.0895775, 
2.8, 0.2,0.101655, 
2.8, 0.3,0.0640448, 
2.8, 0.4,0, 
2.8, 0.5,0, 
2.8, 0.6,0, 
2.8, 0.7,0, 
2.8, 0.8,0, 
2.8, 0.9,0, 
2.8, 1,0.135699, 
2.8, 1.1,0, 
2.8, 1.2,0, 
2.8, 1.3,0, 
2.8, 1.4,0, 
2.8, 1.5,0, 
2.8, 1.6,0, 
2.8, 1.7,0, 
2.8, 1.8,0, 
2.8, 1.9,0, 
2.8, 2,0, 
2.8, 2.1,0, 
2.8, 2.2,0, 
2.8, 2.3,0, 
2.8, 2.4,0, 
2.8, 2.5,0, 
2.8, 2.6,0, 
2.8, 2.7,0, 
2.8, 2.8,0, 
2.8, 2.9,0, 
2.8, 3,0, 
2.8, 3.1,0, 
2.8, 3.2,0, 
2.8, 3.3,0, 
2.8, 3.4,0, 
2.8, 3.5,0, 
2.8, 3.6,0, 
2.8, 3.7,0, 
2.8, 3.8,0, 
2.8, 3.9,0, 
2.8, 4,0, 
2.8, 4.1,0, 
2.8, 4.2,0, 
2.8, 4.3,0, 
2.8, 4.4,0, 
2.8, 4.5,0, 
2.8, 4.6,0, 
2.8, 4.7,0, 
2.8, 4.8,0, 
2.8, 4.9,0, 
2.8, 5,0, 
2.9, 0.1,0.0873861, 
2.9, 0.2,0, 
2.9, 0.3,0.149468, 
2.9, 0.4,0, 
2.9, 0.5,0.0943901, 
2.9, 0.6,0.116201, 
2.9, 0.7,0.11704, 
2.9, 0.8,0, 
2.9, 0.9,0, 
2.9, 1,0, 
2.9, 1.1,0, 
2.9, 1.2,0, 
2.9, 1.3,0, 
2.9, 1.4,0, 
2.9, 1.5,0, 
2.9, 1.6,0, 
2.9, 1.7,0, 
2.9, 1.8,0, 
2.9, 1.9,0, 
2.9, 2,0, 
2.9, 2.1,0, 
2.9, 2.2,0, 
2.9, 2.3,0, 
2.9, 2.4,0, 
2.9, 2.5,0, 
2.9, 2.6,0, 
2.9, 2.7,0, 
2.9, 2.8,0, 
2.9, 2.9,0, 
2.9, 3,0, 
2.9, 3.1,0, 
2.9, 3.2,0, 
2.9, 3.3,0, 
2.9, 3.4,0, 
2.9, 3.5,0, 
2.9, 3.6,0, 
2.9, 3.7,0, 
2.9, 3.8,0, 
2.9, 3.9,0, 
2.9, 4,0, 
2.9, 4.1,0, 
2.9, 4.2,0, 
2.9, 4.3,0, 
2.9, 4.4,0, 
2.9, 4.5,0, 
2.9, 4.6,0, 
2.9, 4.7,0, 
2.9, 4.8,0, 
2.9, 4.9,0, 
2.9, 5,0, 
3, 0.1,0.0776094, 
3, 0.2,0.107399, 
3, 0.3,0.0689516, 
3, 0.4,0.0879244, 
3, 0.5,0.0914616, 
3, 0.6,0, 
3, 0.7,0, 
3, 0.8,0, 
3, 0.9,0, 
3, 1,0.131538, 
3, 1.1,0, 
3, 1.2,0, 
3, 1.3,0, 
3, 1.4,0, 
3, 1.5,0, 
3, 1.6,0, 
3, 1.7,0, 
3, 1.8,0, 
3, 1.9,0, 
3, 2,0, 
3, 2.1,0, 
3, 2.2,0, 
3, 2.3,0, 
3, 2.4,0, 
3, 2.5,0, 
3, 2.6,0, 
3, 2.7,0, 
3, 2.8,0, 
3, 2.9,0, 
3, 3,0, 
3, 3.1,0, 
3, 3.2,0, 
3, 3.3,0, 
3, 3.4,0, 
3, 3.5,0, 
3, 3.6,0, 
3, 3.7,0, 
3, 3.8,0, 
3, 3.9,0, 
3, 4,0, 
3, 4.1,0, 
3, 4.2,0, 
3, 4.3,0, 
3, 4.4,0, 
3, 4.5,0, 
3, 4.6,0, 
3, 4.7,0, 
3, 4.8,0, 
3, 4.9,0, 
3, 5,0, 
3.1, 0.1,0.0719358, 
3.1, 0.2,0.10842, 
3.1, 0.3,0, 
3.1, 0.4,0.0891092, 
3.1, 0.5,0.0984084, 
3.1, 0.6,0, 
3.1, 0.7,0, 
3.1, 0.8,0, 
3.1, 0.9,0, 
3.1, 1,0, 
3.1, 1.1,0, 
3.1, 1.2,0, 
3.1, 1.3,0, 
3.1, 1.4,0, 
3.1, 1.5,0, 
3.1, 1.6,0, 
3.1, 1.7,0, 
3.1, 1.8,0, 
3.1, 1.9,0, 
3.1, 2,0, 
3.1, 2.1,0, 
3.1, 2.2,0, 
3.1, 2.3,0, 
3.1, 2.4,0, 
3.1, 2.5,0, 
3.1, 2.6,0, 
3.1, 2.7,0, 
3.1, 2.8,0, 
3.1, 2.9,0, 
3.1, 3,0, 
3.1, 3.1,0, 
3.1, 3.2,0, 
3.1, 3.3,0, 
3.1, 3.4,0, 
3.1, 3.5,0, 
3.1, 3.6,0, 
3.1, 3.7,0, 
3.1, 3.8,0, 
3.1, 3.9,0, 
3.1, 4,0, 
3.1, 4.1,0, 
3.1, 4.2,0, 
3.1, 4.3,0, 
3.1, 4.4,0, 
3.1, 4.5,0, 
3.1, 4.6,0, 
3.1, 4.7,0, 
3.1, 4.8,0, 
3.1, 4.9,0, 
3.1, 5,0, 
3.2, 0.1,0.124554, 
3.2, 0.2,0.0667187, 
3.2, 0.3,0, 
3.2, 0.4,0, 
3.2, 0.5,0, 
3.2, 0.6,0, 
3.2, 0.7,0, 
3.2, 0.8,0, 
3.2, 0.9,0.127228, 
3.2, 1,0, 
3.2, 1.1,0, 
3.2, 1.2,0, 
3.2, 1.3,0, 
3.2, 1.4,0, 
3.2, 1.5,0, 
3.2, 1.6,0, 
3.2, 1.7,0, 
3.2, 1.8,0, 
3.2, 1.9,0, 
3.2, 2,0, 
3.2, 2.1,0, 
3.2, 2.2,0, 
3.2, 2.3,0, 
3.2, 2.4,0, 
3.2, 2.5,0, 
3.2, 2.6,0, 
3.2, 2.7,0, 
3.2, 2.8,0, 
3.2, 2.9,0, 
3.2, 3,0, 
3.2, 3.1,0, 
3.2, 3.2,0, 
3.2, 3.3,0, 
3.2, 3.4,0, 
3.2, 3.5,0, 
3.2, 3.6,0, 
3.2, 3.7,0, 
3.2, 3.8,0, 
3.2, 3.9,0, 
3.2, 4,0, 
3.2, 4.1,0, 
3.2, 4.2,0, 
3.2, 4.3,0, 
3.2, 4.4,0, 
3.2, 4.5,0, 
3.2, 4.6,0, 
3.2, 4.7,0, 
3.2, 4.8,0, 
3.2, 4.9,0, 
3.2, 5,0, 
3.3, 0.1,0.184139, 
3.3, 0.2,0.0560633, 
3.3, 0.3,0.0842417, 
3.3, 0.4,0.100955, 
3.3, 0.5,0.0949887, 
3.3, 0.6,0, 
3.3, 0.7,0, 
3.3, 0.8,0, 
3.3, 0.9,0, 
3.3, 1,0, 
3.3, 1.1,0, 
3.3, 1.2,0, 
3.3, 1.3,0, 
3.3, 1.4,0, 
3.3, 1.5,0, 
3.3, 1.6,0, 
3.3, 1.7,0, 
3.3, 1.8,0, 
3.3, 1.9,0, 
3.3, 2,0, 
3.3, 2.1,0, 
3.3, 2.2,0, 
3.3, 2.3,0, 
3.3, 2.4,0, 
3.3, 2.5,0, 
3.3, 2.6,0, 
3.3, 2.7,0, 
3.3, 2.8,0, 
3.3, 2.9,0, 
3.3, 3,0, 
3.3, 3.1,0, 
3.3, 3.2,0, 
3.3, 3.3,0, 
3.3, 3.4,0, 
3.3, 3.5,0, 
3.3, 3.6,0, 
3.3, 3.7,0, 
3.3, 3.8,0, 
3.3, 3.9,0, 
3.3, 4,0, 
3.3, 4.1,0, 
3.3, 4.2,0, 
3.3, 4.3,0, 
3.3, 4.4,0, 
3.3, 4.5,0, 
3.3, 4.6,0, 
3.3, 4.7,0, 
3.3, 4.8,0, 
3.3, 4.9,0, 
3.3, 5,0, 
3.4, 0.1,0.094989, 
3.4, 0.2,0.109882, 
3.4, 0.3,0, 
3.4, 0.4,0, 
3.4, 0.5,0, 
3.4, 0.6,0, 
3.4, 0.7,0, 
3.4, 0.8,0, 
3.4, 0.9,0, 
3.4, 1,0, 
3.4, 1.1,0, 
3.4, 1.2,0, 
3.4, 1.3,0, 
3.4, 1.4,0, 
3.4, 1.5,0, 
3.4, 1.6,0, 
3.4, 1.7,0, 
3.4, 1.8,0, 
3.4, 1.9,0, 
3.4, 2,0, 
3.4, 2.1,0, 
3.4, 2.2,0, 
3.4, 2.3,0, 
3.4, 2.4,0, 
3.4, 2.5,0, 
3.4, 2.6,0, 
3.4, 2.7,0, 
3.4, 2.8,0, 
3.4, 2.9,0, 
3.4, 3,0, 
3.4, 3.1,0, 
3.4, 3.2,0, 
3.4, 3.3,0, 
3.4, 3.4,0, 
3.4, 3.5,0, 
3.4, 3.6,0, 
3.4, 3.7,0, 
3.4, 3.8,0, 
3.4, 3.9,0, 
3.4, 4,0, 
3.4, 4.1,0, 
3.4, 4.2,0, 
3.4, 4.3,0, 
3.4, 4.4,0, 
3.4, 4.5,0, 
3.4, 4.6,0, 
3.4, 4.7,0, 
3.4, 4.8,0, 
3.4, 4.9,0, 
3.4, 5,0, 
3.5, 0.1,0.161567, 
3.5, 0.2,0.118117, 
3.5, 0.3,0.0658643, 
3.5, 0.4,0, 
3.5, 0.5,0, 
3.5, 0.6,0, 
3.5, 0.7,0.133779, 
3.5, 0.8,0, 
3.5, 0.9,0, 
3.5, 1,0, 
3.5, 1.1,0, 
3.5, 1.2,0, 
3.5, 1.3,0, 
3.5, 1.4,0, 
3.5, 1.5,0, 
3.5, 1.6,0, 
3.5, 1.7,0, 
3.5, 1.8,0, 
3.5, 1.9,0, 
3.5, 2,0, 
3.5, 2.1,0, 
3.5, 2.2,0, 
3.5, 2.3,0, 
3.5, 2.4,0, 
3.5, 2.5,0, 
3.5, 2.6,0, 
3.5, 2.7,0, 
3.5, 2.8,0, 
3.5, 2.9,0, 
3.5, 3,0, 
3.5, 3.1,0, 
3.5, 3.2,0, 
3.5, 3.3,0, 
3.5, 3.4,0, 
3.5, 3.5,0, 
3.5, 3.6,0, 
3.5, 3.7,0, 
3.5, 3.8,0, 
3.5, 3.9,0, 
3.5, 4,0, 
3.5, 4.1,0, 
3.5, 4.2,0, 
3.5, 4.3,0, 
3.5, 4.4,0, 
3.5, 4.5,0, 
3.5, 4.6,0, 
3.5, 4.7,0, 
3.5, 4.8,0, 
3.5, 4.9,0, 
3.5, 5,0, 
3.6, 0.1,0.119527, 
3.6, 0.2,0, 
3.6, 0.3,0.0749463, 
3.6, 0.4,0.089171, 
3.6, 0.5,0.117951, 
3.6, 0.6,0, 
3.6, 0.7,0, 
3.6, 0.8,0, 
3.6, 0.9,0.143612, 
3.6, 1,0, 
3.6, 1.1,0, 
3.6, 1.2,0, 
3.6, 1.3,0, 
3.6, 1.4,0, 
3.6, 1.5,0, 
3.6, 1.6,0, 
3.6, 1.7,0, 
3.6, 1.8,0, 
3.6, 1.9,0, 
3.6, 2,0, 
3.6, 2.1,0, 
3.6, 2.2,0, 
3.6, 2.3,0, 
3.6, 2.4,0, 
3.6, 2.5,0, 
3.6, 2.6,0, 
3.6, 2.7,0, 
3.6, 2.8,0, 
3.6, 2.9,0, 
3.6, 3,0, 
3.6, 3.1,0, 
3.6, 3.2,0, 
3.6, 3.3,0, 
3.6, 3.4,0, 
3.6, 3.5,0, 
3.6, 3.6,0, 
3.6, 3.7,0, 
3.6, 3.8,0, 
3.6, 3.9,0, 
3.6, 4,0, 
3.6, 4.1,0, 
3.6, 4.2,0, 
3.6, 4.3,0, 
3.6, 4.4,0, 
3.6, 4.5,0, 
3.6, 4.6,0, 
3.6, 4.7,0, 
3.6, 4.8,0, 
3.6, 4.9,0, 
3.6, 5,0, 
3.7, 0.1,0.135662, 
3.7, 0.2,0, 
3.7, 0.3,0.0806468, 
3.7, 0.4,0, 
3.7, 0.5,0, 
3.7, 0.6,0, 
3.7, 0.7,0.110693, 
3.7, 0.8,0, 
3.7, 0.9,0, 
3.7, 1,0, 
3.7, 1.1,0, 
3.7, 1.2,0, 
3.7, 1.3,0, 
3.7, 1.4,0, 
3.7, 1.5,0, 
3.7, 1.6,0, 
3.7, 1.7,0, 
3.7, 1.8,0, 
3.7, 1.9,0, 
3.7, 2,0, 
3.7, 2.1,0, 
3.7, 2.2,0, 
3.7, 2.3,0, 
3.7, 2.4,0, 
3.7, 2.5,0, 
3.7, 2.6,0, 
3.7, 2.7,0, 
3.7, 2.8,0, 
3.7, 2.9,0, 
3.7, 3,0, 
3.7, 3.1,0, 
3.7, 3.2,0, 
3.7, 3.3,0, 
3.7, 3.4,0, 
3.7, 3.5,0, 
3.7, 3.6,0, 
3.7, 3.7,0, 
3.7, 3.8,0, 
3.7, 3.9,0, 
3.7, 4,0, 
3.7, 4.1,0, 
3.7, 4.2,0, 
3.7, 4.3,0, 
3.7, 4.4,0, 
3.7, 4.5,0, 
3.7, 4.6,0, 
3.7, 4.7,0, 
3.7, 4.8,0, 
3.7, 4.9,0, 
3.7, 5,0, 
3.8, 0.1,0.128744, 
3.8, 0.2,0.114143, 
3.8, 0.3,0, 
3.8, 0.4,0, 
3.8, 0.5,0, 
3.8, 0.6,0, 
3.8, 0.7,0, 
3.8, 0.8,0, 
3.8, 0.9,0, 
3.8, 1,0, 
3.8, 1.1,0, 
3.8, 1.2,0, 
3.8, 1.3,0.17842, 
3.8, 1.4,0, 
3.8, 1.5,0, 
3.8, 1.6,0, 
3.8, 1.7,0, 
3.8, 1.8,0, 
3.8, 1.9,0, 
3.8, 2,0, 
3.8, 2.1,0, 
3.8, 2.2,0, 
3.8, 2.3,0, 
3.8, 2.4,0, 
3.8, 2.5,0, 
3.8, 2.6,0, 
3.8, 2.7,0, 
3.8, 2.8,0, 
3.8, 2.9,0, 
3.8, 3,0, 
3.8, 3.1,0, 
3.8, 3.2,0, 
3.8, 3.3,0, 
3.8, 3.4,0, 
3.8, 3.5,0, 
3.8, 3.6,0, 
3.8, 3.7,0, 
3.8, 3.8,0, 
3.8, 3.9,0, 
3.8, 4,0, 
3.8, 4.1,0, 
3.8, 4.2,0, 
3.8, 4.3,0, 
3.8, 4.4,0, 
3.8, 4.5,0, 
3.8, 4.6,0, 
3.8, 4.7,0, 
3.8, 4.8,0, 
3.8, 4.9,0, 
3.8, 5,0, 
3.9, 0.1,0.0837777, 
3.9, 0.2,0, 
3.9, 0.3,0, 
3.9, 0.4,0.0940394, 
3.9, 0.5,0, 
3.9, 0.6,0, 
3.9, 0.7,0.143207, 
3.9, 0.8,0, 
3.9, 0.9,0, 
3.9, 1,0, 
3.9, 1.1,0, 
3.9, 1.2,0, 
3.9, 1.3,0, 
3.9, 1.4,0, 
3.9, 1.5,0, 
3.9, 1.6,0, 
3.9, 1.7,0, 
3.9, 1.8,0, 
3.9, 1.9,0, 
3.9, 2,0, 
3.9, 2.1,0, 
3.9, 2.2,0, 
3.9, 2.3,0, 
3.9, 2.4,0, 
3.9, 2.5,0, 
3.9, 2.6,0, 
3.9, 2.7,0, 
3.9, 2.8,0, 
3.9, 2.9,0, 
3.9, 3,0, 
3.9, 3.1,0, 
3.9, 3.2,0, 
3.9, 3.3,0, 
3.9, 3.4,0, 
3.9, 3.5,0, 
3.9, 3.6,0, 
3.9, 3.7,0, 
3.9, 3.8,0, 
3.9, 3.9,0, 
3.9, 4,0, 
3.9, 4.1,0, 
3.9, 4.2,0, 
3.9, 4.3,0, 
3.9, 4.4,0, 
3.9, 4.5,0, 
3.9, 4.6,0, 
3.9, 4.7,0, 
3.9, 4.8,0, 
3.9, 4.9,0, 
3.9, 5,0, 
4, 0.1,0.11043, 
4, 0.2,0.12981, 
4, 0.3,0.193541, 
4, 0.4,0, 
4, 0.5,0, 
4, 0.6,0, 
4, 0.7,0, 
4, 0.8,0.133362, 
4, 0.9,0, 
4, 1,0, 
4, 1.1,0, 
4, 1.2,0, 
4, 1.3,0, 
4, 1.4,0, 
4, 1.5,0, 
4, 1.6,0, 
4, 1.7,0, 
4, 1.8,0, 
4, 1.9,0, 
4, 2,0, 
4, 2.1,0, 
4, 2.2,0, 
4, 2.3,0, 
4, 2.4,0, 
4, 2.5,0, 
4, 2.6,0, 
4, 2.7,0, 
4, 2.8,0, 
4, 2.9,0, 
4, 3,0, 
4, 3.1,0, 
4, 3.2,0, 
4, 3.3,0, 
4, 3.4,0, 
4, 3.5,0, 
4, 3.6,0, 
4, 3.7,0, 
4, 3.8,0, 
4, 3.9,0, 
4, 4,0, 
4, 4.1,0, 
4, 4.2,0, 
4, 4.3,0, 
4, 4.4,0, 
4, 4.5,0, 
4, 4.6,0, 
4, 4.7,0, 
4, 4.8,0, 
4, 4.9,0, 
4, 5,0, 
4.1, 0.1,0.102496, 
4.1, 0.2,0.0757212, 
4.1, 0.3,0, 
4.1, 0.4,0, 
4.1, 0.5,0.111572, 
4.1, 0.6,0, 
4.1, 0.7,0, 
4.1, 0.8,0, 
4.1, 0.9,0, 
4.1, 1,0, 
4.1, 1.1,0, 
4.1, 1.2,0, 
4.1, 1.3,0, 
4.1, 1.4,0, 
4.1, 1.5,0, 
4.1, 1.6,0, 
4.1, 1.7,0, 
4.1, 1.8,0, 
4.1, 1.9,0, 
4.1, 2,0, 
4.1, 2.1,0, 
4.1, 2.2,0, 
4.1, 2.3,0, 
4.1, 2.4,0, 
4.1, 2.5,0, 
4.1, 2.6,0, 
4.1, 2.7,0, 
4.1, 2.8,0, 
4.1, 2.9,0, 
4.1, 3,0, 
4.1, 3.1,0, 
4.1, 3.2,0, 
4.1, 3.3,0, 
4.1, 3.4,0, 
4.1, 3.5,0, 
4.1, 3.6,0, 
4.1, 3.7,0, 
4.1, 3.8,0, 
4.1, 3.9,0, 
4.1, 4,0, 
4.1, 4.1,0, 
4.1, 4.2,0, 
4.1, 4.3,0, 
4.1, 4.4,0, 
4.1, 4.5,0, 
4.1, 4.6,0, 
4.1, 4.7,0, 
4.1, 4.8,0, 
4.1, 4.9,0, 
4.1, 5,0, 
4.2, 0.1,0.0987613, 
4.2, 0.2,0.073625, 
4.2, 0.3,0, 
4.2, 0.4,0, 
4.2, 0.5,0, 
4.2, 0.6,0, 
4.2, 0.7,0, 
4.2, 0.8,0, 
4.2, 0.9,0, 
4.2, 1,0, 
4.2, 1.1,0, 
4.2, 1.2,0, 
4.2, 1.3,0, 
4.2, 1.4,0, 
4.2, 1.5,0, 
4.2, 1.6,0, 
4.2, 1.7,0, 
4.2, 1.8,0, 
4.2, 1.9,0, 
4.2, 2,0, 
4.2, 2.1,0, 
4.2, 2.2,0, 
4.2, 2.3,0, 
4.2, 2.4,0, 
4.2, 2.5,0, 
4.2, 2.6,0, 
4.2, 2.7,0, 
4.2, 2.8,0, 
4.2, 2.9,0, 
4.2, 3,0, 
4.2, 3.1,0, 
4.2, 3.2,0, 
4.2, 3.3,0, 
4.2, 3.4,0, 
4.2, 3.5,0, 
4.2, 3.6,0, 
4.2, 3.7,0, 
4.2, 3.8,0, 
4.2, 3.9,0, 
4.2, 4,0, 
4.2, 4.1,0, 
4.2, 4.2,0, 
4.2, 4.3,0, 
4.2, 4.4,0, 
4.2, 4.5,0, 
4.2, 4.6,0, 
4.2, 4.7,0, 
4.2, 4.8,0, 
4.2, 4.9,0, 
4.2, 5,0, 
4.3, 0.1,0.0897222, 
4.3, 0.2,0, 
4.3, 0.3,0.0841429, 
4.3, 0.4,0, 
4.3, 0.5,0.128164, 
4.3, 0.6,0, 
4.3, 0.7,0, 
4.3, 0.8,0, 
4.3, 0.9,0, 
4.3, 1,0, 
4.3, 1.1,0, 
4.3, 1.2,0, 
4.3, 1.3,0, 
4.3, 1.4,0, 
4.3, 1.5,0, 
4.3, 1.6,0, 
4.3, 1.7,0, 
4.3, 1.8,0, 
4.3, 1.9,0, 
4.3, 2,0, 
4.3, 2.1,0, 
4.3, 2.2,0, 
4.3, 2.3,0, 
4.3, 2.4,0, 
4.3, 2.5,0, 
4.3, 2.6,0, 
4.3, 2.7,0, 
4.3, 2.8,0, 
4.3, 2.9,0, 
4.3, 3,0, 
4.3, 3.1,0, 
4.3, 3.2,0, 
4.3, 3.3,0, 
4.3, 3.4,0, 
4.3, 3.5,0, 
4.3, 3.6,0, 
4.3, 3.7,0, 
4.3, 3.8,0, 
4.3, 3.9,0, 
4.3, 4,0, 
4.3, 4.1,0, 
4.3, 4.2,0, 
4.3, 4.3,0, 
4.3, 4.4,0, 
4.3, 4.5,0, 
4.3, 4.6,0, 
4.3, 4.7,0, 
4.3, 4.8,0, 
4.3, 4.9,0, 
4.3, 5,0, 
4.4, 0.1,0.103262, 
4.4, 0.2,0.148656, 
4.4, 0.3,0.093676, 
4.4, 0.4,0.100845, 
4.4, 0.5,0, 
4.4, 0.6,0, 
4.4, 0.7,0, 
4.4, 0.8,0, 
4.4, 0.9,0, 
4.4, 1,0, 
4.4, 1.1,0, 
4.4, 1.2,0, 
4.4, 1.3,0, 
4.4, 1.4,0, 
4.4, 1.5,0, 
4.4, 1.6,0, 
4.4, 1.7,0, 
4.4, 1.8,0, 
4.4, 1.9,0, 
4.4, 2,0, 
4.4, 2.1,0, 
4.4, 2.2,0, 
4.4, 2.3,0, 
4.4, 2.4,0, 
4.4, 2.5,0, 
4.4, 2.6,0, 
4.4, 2.7,0, 
4.4, 2.8,0, 
4.4, 2.9,0, 
4.4, 3,0, 
4.4, 3.1,0, 
4.4, 3.2,0, 
4.4, 3.3,0, 
4.4, 3.4,0, 
4.4, 3.5,0, 
4.4, 3.6,0, 
4.4, 3.7,0, 
4.4, 3.8,0, 
4.4, 3.9,0, 
4.4, 4,0, 
4.4, 4.1,0, 
4.4, 4.2,0, 
4.4, 4.3,0, 
4.4, 4.4,0, 
4.4, 4.5,0, 
4.4, 4.6,0, 
4.4, 4.7,0, 
4.4, 4.8,0, 
4.4, 4.9,0, 
4.4, 5,0, 
4.5, 0.1,0.0548114, 
4.5, 0.2,0.0769546, 
4.5, 0.3,0, 
4.5, 0.4,0.195422, 
4.5, 0.5,0, 
4.5, 0.6,0, 
4.5, 0.7,0, 
4.5, 0.8,0, 
4.5, 0.9,0, 
4.5, 1,0, 
4.5, 1.1,0, 
4.5, 1.2,0, 
4.5, 1.3,0, 
4.5, 1.4,0, 
4.5, 1.5,0, 
4.5, 1.6,0, 
4.5, 1.7,0, 
4.5, 1.8,0, 
4.5, 1.9,0, 
4.5, 2,0, 
4.5, 2.1,0, 
4.5, 2.2,0, 
4.5, 2.3,0, 
4.5, 2.4,0, 
4.5, 2.5,0, 
4.5, 2.6,0, 
4.5, 2.7,0, 
4.5, 2.8,0, 
4.5, 2.9,0, 
4.5, 3,0, 
4.5, 3.1,0, 
4.5, 3.2,0, 
4.5, 3.3,0, 
4.5, 3.4,0, 
4.5, 3.5,0, 
4.5, 3.6,0, 
4.5, 3.7,0, 
4.5, 3.8,0, 
4.5, 3.9,0, 
4.5, 4,0, 
4.5, 4.1,0, 
4.5, 4.2,0, 
4.5, 4.3,0, 
4.5, 4.4,0, 
4.5, 4.5,0, 
4.5, 4.6,0, 
4.5, 4.7,0, 
4.5, 4.8,0, 
4.5, 4.9,0, 
4.5, 5,0, 
4.6, 0.1,0.117405, 
4.6, 0.2,0.0776458, 
4.6, 0.3,0, 
4.6, 0.4,0.110352, 
4.6, 0.5,0, 
4.6, 0.6,0, 
4.6, 0.7,0, 
4.6, 0.8,0, 
4.6, 0.9,0, 
4.6, 1,0, 
4.6, 1.1,0, 
4.6, 1.2,0, 
4.6, 1.3,0, 
4.6, 1.4,0, 
4.6, 1.5,0, 
4.6, 1.6,0, 
4.6, 1.7,0, 
4.6, 1.8,0, 
4.6, 1.9,0, 
4.6, 2,0, 
4.6, 2.1,0, 
4.6, 2.2,0, 
4.6, 2.3,0, 
4.6, 2.4,0, 
4.6, 2.5,0, 
4.6, 2.6,0, 
4.6, 2.7,0, 
4.6, 2.8,0, 
4.6, 2.9,0, 
4.6, 3,0, 
4.6, 3.1,0, 
4.6, 3.2,0, 
4.6, 3.3,0, 
4.6, 3.4,0, 
4.6, 3.5,0, 
4.6, 3.6,0, 
4.6, 3.7,0, 
4.6, 3.8,0, 
4.6, 3.9,0, 
4.6, 4,0, 
4.6, 4.1,0, 
4.6, 4.2,0, 
4.6, 4.3,0, 
4.6, 4.4,0, 
4.6, 4.5,0, 
4.6, 4.6,0, 
4.6, 4.7,0, 
4.6, 4.8,0, 
4.6, 4.9,0, 
4.6, 5,0, 
4.7, 0.1,0.0955457, 
4.7, 0.2,0, 
4.7, 0.3,0, 
4.7, 0.4,0, 
4.7, 0.5,0, 
4.7, 0.6,0, 
4.7, 0.7,0, 
4.7, 0.8,0.145602, 
4.7, 0.9,0, 
4.7, 1,0.178112, 
4.7, 1.1,0, 
4.7, 1.2,0, 
4.7, 1.3,0, 
4.7, 1.4,0, 
4.7, 1.5,0, 
4.7, 1.6,0, 
4.7, 1.7,0, 
4.7, 1.8,0, 
4.7, 1.9,0, 
4.7, 2,0, 
4.7, 2.1,0, 
4.7, 2.2,0, 
4.7, 2.3,0, 
4.7, 2.4,0, 
4.7, 2.5,0, 
4.7, 2.6,0, 
4.7, 2.7,0, 
4.7, 2.8,0, 
4.7, 2.9,0, 
4.7, 3,0, 
4.7, 3.1,0, 
4.7, 3.2,0, 
4.7, 3.3,0, 
4.7, 3.4,0, 
4.7, 3.5,0, 
4.7, 3.6,0, 
4.7, 3.7,0, 
4.7, 3.8,0, 
4.7, 3.9,0, 
4.7, 4,0, 
4.7, 4.1,0, 
4.7, 4.2,0, 
4.7, 4.3,0, 
4.7, 4.4,0, 
4.7, 4.5,0, 
4.7, 4.6,0, 
4.7, 4.7,0, 
4.7, 4.8,0, 
4.7, 4.9,0, 
4.7, 5,0, 
4.8, 0.1,0.104305, 
4.8, 0.2,0.127538, 
4.8, 0.3,0, 
4.8, 0.4,0, 
4.8, 0.5,0, 
4.8, 0.6,0, 
4.8, 0.7,0, 
4.8, 0.8,0, 
4.8, 0.9,0, 
4.8, 1,0, 
4.8, 1.1,0, 
4.8, 1.2,0, 
4.8, 1.3,0, 
4.8, 1.4,0, 
4.8, 1.5,0, 
4.8, 1.6,0, 
4.8, 1.7,0, 
4.8, 1.8,0, 
4.8, 1.9,0, 
4.8, 2,0, 
4.8, 2.1,0, 
4.8, 2.2,0, 
4.8, 2.3,0, 
4.8, 2.4,0, 
4.8, 2.5,0, 
4.8, 2.6,0, 
4.8, 2.7,0, 
4.8, 2.8,0, 
4.8, 2.9,0, 
4.8, 3,0, 
4.8, 3.1,0, 
4.8, 3.2,0, 
4.8, 3.3,0, 
4.8, 3.4,0, 
4.8, 3.5,0, 
4.8, 3.6,0, 
4.8, 3.7,0, 
4.8, 3.8,0, 
4.8, 3.9,0, 
4.8, 4,0, 
4.8, 4.1,0, 
4.8, 4.2,0, 
4.8, 4.3,0, 
4.8, 4.4,0, 
4.8, 4.5,0, 
4.8, 4.6,0, 
4.8, 4.7,0, 
4.8, 4.8,0, 
4.8, 4.9,0, 
4.8, 5,0, 
4.9, 0.1,0.0826336, 
4.9, 0.2,0, 
4.9, 0.3,0, 
4.9, 0.4,0, 
4.9, 0.5,0, 
4.9, 0.6,0, 
4.9, 0.7,0, 
4.9, 0.8,0, 
4.9, 0.9,0, 
4.9, 1,0, 
4.9, 1.1,0, 
4.9, 1.2,0, 
4.9, 1.3,0, 
4.9, 1.4,0, 
4.9, 1.5,0, 
4.9, 1.6,0, 
4.9, 1.7,0, 
4.9, 1.8,0, 
4.9, 1.9,0, 
4.9, 2,0, 
4.9, 2.1,0, 
4.9, 2.2,0, 
4.9, 2.3,0, 
4.9, 2.4,0, 
4.9, 2.5,0, 
4.9, 2.6,0, 
4.9, 2.7,0, 
4.9, 2.8,0, 
4.9, 2.9,0, 
4.9, 3,0, 
4.9, 3.1,0, 
4.9, 3.2,0, 
4.9, 3.3,0, 
4.9, 3.4,0, 
4.9, 3.5,0, 
4.9, 3.6,0, 
4.9, 3.7,0, 
4.9, 3.8,0, 
4.9, 3.9,0, 
4.9, 4,0, 
4.9, 4.1,0, 
4.9, 4.2,0, 
4.9, 4.3,0, 
4.9, 4.4,0, 
4.9, 4.5,0, 
4.9, 4.6,0, 
4.9, 4.7,0, 
4.9, 4.8,0, 
4.9, 4.9,0, 
4.9, 5,0, 
5, 0.1,0.053528, 
5, 0.2,0.0790437, 
5, 0.3,0, 
5, 0.4,0, 
5, 0.5,0, 
5, 0.6,0, 
5, 0.7,0, 
5, 0.8,0, 
5, 0.9,0, 
5, 1,0, 
5, 1.1,0, 
5, 1.2,0, 
5, 1.3,0, 
5, 1.4,0, 
5, 1.5,0, 
5, 1.6,0, 
5, 1.7,0, 
5, 1.8,0, 
5, 1.9,0, 
5, 2,0, 
5, 2.1,0, 
5, 2.2,0, 
5, 2.3,0, 
5, 2.4,0, 
5, 2.5,0, 
5, 2.6,0, 
5, 2.7,0, 
5, 2.8,0, 
5, 2.9,0, 
5, 3,0, 
5, 3.1,0, 
5, 3.2,0, 
5, 3.3,0, 
5, 3.4,0, 
5, 3.5,0, 
5, 3.6,0, 
5, 3.7,0, 
5, 3.8,0, 
5, 3.9,0, 
5, 4,0, 
5, 4.1,0, 
5, 4.2,0, 
5, 4.3,0, 
5, 4.4,0, 
5, 4.5,0, 
5, 4.6,0, 
5, 4.7,0, 
5, 4.8,0, 
5, 4.9,0, 
5, 5,0, 
